#恒指成份股
00001
00002
00003
00005
00006
00011
00012
00016
00017
00027
00066
00101
00175
00241
00267
00288
00291
00316
00322
00386
00388
00669
00688
00700
00762
00823
00836
00857
00868
00881
00883
00939
00941
00960
00968
00981
00992
01038
01044
01088
01093
01109
01113
01177
01209
01211
01299
01378
01398
01810
01876
01928
01929
01997
02007
02020
02269
02313
02318
02319
02331
02382
02388
02628
02688
02899
03690
03692
03968
03988
06098
06618
06690
06862
09618
09633
09888
09961
09988
09999
#国指成份股
00020
00175
00267
00291
00386
00688
00700
00857
00881
00883
00939
00941
00960
00968
00981
00992
01024
01088
01093
01109
01177
01211
01288
01398
01658
01810
02015
02020
02313
02318
02319
02331
02382
02618
02628
02688
03328
03690
03968
03988
06098
06618
06690
06862
09618
09633
09868
09888
09988
09999
#红筹成份股
00123
00135
00144
00257
00267
00270
00291
00371
00392
00570
00688
00762
00817
00836
00883
00941
00966
01109
01114
01193
01313
02380
03311
03320
03808
#红筹股
00031
00081
00085
00098
00103
00111
00119
00123
00124
00132
00133
00135
00144
00152
00154
00165
00174
00181
00206
00207
00217
00218
00222
00230
00232
00257
00267
00270
00291
00297
00305
00308
00311
00316
00334
00337
00346
00363
00365
00371
00392
00412
00418
00420
00499
00506
00517
00560
00563
00570
00583
00596
00604
00611
00618
00629
00639
00641
00661
00686
00688
00697
00710
00730
00737
00750
00762
00798
00807
00809
00812
00816
00817
00828
00830
00836
00859
00861
00872
00882
00883
00906
00925
00934
00941
00966
00969
00978
00981
00982
00988
00992
00993
01045
01052
01058
01062
01070
01109
01114
01148
01164
01185
01193
01199
01203
01205
01206
01208
01209
01250
01257
01258
01278
01298
01312
01313
01316
01329
01347
01515
01522
01582
01610
01788
01811
01848
01857
01868
01883
01908
01931
01955
02099
02156
02299
02302
02319
02339
02362
02380
02388
02588
02666
02669
02886
02954
03311
03320
03329
03360
03366
03377
03382
03613
03668
03699
03808
03877
03889
03899
03989
03991
06055
06058
06626
06677
06816
06828
06877
08073
08128
08271
08310
08356
80291
80737
80883
80941
80992
82388
#国企股
00038
00042
00107
00168
00177
00187
00317
00323
00338
00347
00357
00358
00386
00390
00416
00438
00489
00525
00548
00552
00553
00564
00568
00576
00579
00588
00598
00670
00694
00696
00719
00728
00747
00753
00763
00788
00811
00814
00840
00857
00874
00895
00902
00914
00916
00921
00939
00954
00956
00980
00991
00995
00998
01000
01033
01053
01055
01057
01065
01066
01071
01072
01075
01088
01099
01103
01108
01122
01133
01138
01157
01171
01186
01202
01211
01216
01265
01272
01288
01289
01292
01330
01336
01339
01349
01359
01375
01379
01385
01398
01456
01459
01461
01476
01501
01502
01508
01513
01527
01528
01542
01543
01551
01558
01576
01577
01578
01588
01596
01599
01601
01606
01618
01635
01658
01666
01671
01697
01708
01713
01727
01749
01763
01766
01772
01776
01785
01786
01787
01798
01799
01800
01812
01816
01818
01835
01839
01847
01853
01858
01877
01880
01898
01905
01915
01916
01919
01958
01963
01983
01988
02009
02016
02039
02066
02068
02120
02121
02139
02145
02146
02152
02157
02163
02170
02176
02179
02185
02190
02196
02202
02208
02210
02218
02235
02238
02245
02251
02252
02276
02281
02289
02291
02315
02318
02328
02333
02338
02352
02355
02357
02359
02376
02386
02402
02411
02418
02450
02480
02481
02482
02488
02500
02558
02600
02601
02602
02607
02611
02628
02696
02698
02718
02722
02727
02777
02799
02866
02880
02883
02899
03319
03323
03328
03330
03332
03347
03369
03396
03399
03606
03618
03636
03678
03689
03698
03759
03768
03833
03866
03898
03903
03908
03931
03948
03958
03968
03969
03983
03988
03993
03996
06030
06049
06060
06066
06099
06116
06117
06122
06127
06138
06160
06178
06185
06188
06189
06190
06196
06198
06199
06609
06655
06660
06661
06680
06689
06690
06806
06818
06821
06826
06837
06839
06865
06866
06869
06881
06885
06886
06922
06955
06963
06990
08045
08049
08095
08106
08115
08139
08189
08205
08211
08227
08247
08249
08286
08329
08348
08452
09633
09666
09668
09677
09696
09699
09863
09877
09878
09889
09908
09969
09977
09989
09995
81211
82318
82333
#国企A+H股
00038
00107
00168
00177
00187
00317
00323
00338
00347
00358
00386
00390
00525
00548
00553
00564
00568
00588
00598
00670
00719
00728
00753
00763
00811
00857
00874
00883
00895
00902
00914
00916
00921
00939
00941
00956
00981
00991
00995
00998
01033
01053
01055
01057
01065
01071
01072
01088
01108
01138
01157
01171
01186
01211
01288
01330
01336
01339
01349
01375
01385
01398
01456
01513
01528
01618
01635
01658
01766
01772
01776
01787
01800
01812
01816
01839
01858
01877
01880
01898
01919
01963
01988
02009
02016
02039
02068
02196
02202
02208
02218
02238
02318
02333
02338
02359
02402
02600
02601
02607
02611
02628
02727
02866
02880
02883
02899
03328
03347
03369
03606
03618
03678
03759
03866
03898
03908
03958
03968
03969
03988
03993
03996
06030
06066
06099
06127
06160
06178
06185
06196
06198
06655
06680
06690
06806
06818
06821
06826
06837
06865
06869
06881
06886
09696
09969
09989
09995
#中华香港内地
00175
00291
00688
00700
00762
00883
00939
00941
00960
00981
01024
01109
01211
01398
01810
02015
02020
02269
02313
02318
02319
02331
02382
02618
02688
03690
03968
03988
06160
06618
09618
09633
09688
09866
09868
09888
09961
09987
09988
09999
#恒生富时中国50
00241
00267
00384
00386
00390
00688
00700
00728
00762
00763
00788
00857
00883
00914
00939
00941
00960
00998
01088
01109
01186
01288
01339
01398
01658
01766
01810
01816
01988
02007
02020
02202
02318
02328
02359
02601
02611
02628
03328
03333
03690
03692
03968
03988
06030
06066
06818
06862
06886
09988
#恒生综合企业
00001
00019
00087
00267
00363
00656
00659
#恒生金融
00005
00011
00023
00165
00388
00440
00665
00697
00806
00939
00966
00998
01288
01299
01336
01339
01359
01398
01658
01776
01788
01821
01988
02318
02328
02356
02378
02388
02601
02611
02628
02666
02799
02858
02888
03328
03360
03618
03660
03908
03968
03988
06030
06060
06066
06069
06099
06818
06837
06881
06886
09668
#恒生地产建筑
00004
00012
00014
00016
00017
00081
00083
00095
00101
00119
00123
00185
00272
00390
00405
00410
00535
00604
00683
00688
00743
00754
00778
00817
00823
00873
00914
00960
01030
01109
01113
01176
01186
01209
01238
01313
01516
01668
01755
01800
01813
01908
01966
01972
01996
01997
02007
02019
02128
02202
02233
02423
02669
02772
02777
02869
03311
03319
03323
03377
03380
03383
03900
03913
03990
06049
06098
06655
06878
06968
06989
09666
09909
09979
09983
09993
#恒生原材料
00189
00297
00338
00358
00486
00581
00826
00990
01208
01258
01378
01772
01787
01818
01907
02099
02314
02362
02600
02689
02899
03993
06616
09696
#恒生必需性消费
00142
00151
00168
00220
00288
00291
00322
00336
00345
00506
00546
01044
01112
01117
01458
01475
01579
01610
01876
02319
03331
03799
06055
06186
06689
06808
09633
09858
09985
#恒生非必需性消费
00027
00066
00136
00175
00179
00200
00256
00293
00308
00425
00493
00520
00551
00590
00667
00669
00670
00694
00710
00751
00753
00772
00780
00839
00880
00881
00973
01055
01060
01070
01114
01121
01128
01179
01211
01234
01268
01316
01361
01368
01382
01448
01585
01691
01698
01765
01797
01860
01880
01890
01896
01910
01913
01928
01929
01958
01992
01999
02013
02015
02020
02145
02150
02238
02255
02282
02285
02313
02331
02333
02390
02469
02588
02678
03606
03669
03709
03918
03998
06100
06110
06169
06690
06698
06862
06969
06988
06993
09857
09863
09866
09868
09869
09896
09901
09922
09961
09987
09992
#恒生能源
00386
00467
00639
00650
00857
00883
00934
01088
01171
01898
02883
03668
03899
#恒生工业
00144
00148
00152
00177
00316
00489
00558
00576
00586
00587
00631
00636
00658
00732
00819
00868
00968
01052
01138
01157
01196
01199
01308
01415
01478
01725
01766
01882
01888
01919
02018
02039
02057
02208
02338
02343
02357
02382
02618
02727
03339
03800
03808
03877
03898
03996
06865
09956
#恒生医疗保健
00013
00241
00314
00460
00512
00570
00775
00853
00867
01066
01093
01099
01167
01177
01244
01302
01477
01513
01515
01521
01530
01548
01789
01801
01833
01873
01877
01951
01952
02005
02096
02137
02138
02157
02158
02160
02162
02171
02172
02186
02192
02196
02197
02252
02257
02269
02273
02279
02291
02359
02367
02407
02500
02607
02616
03309
03320
03347
03613
03692
03759
03933
06078
06160
06185
06600
06606
06618
06639
06660
06699
06855
06929
06955
09688
09877
09886
09926
09939
09955
09966
09969
09995
09996
09997
#恒生公用事业
00002
00003
00006
00135
00257
00270
00371
00384
00392
00836
00855
00902
00916
00956
00991
01038
01083
01193
01250
01381
01600
01798
01799
01811
01816
02380
02638
02688
03633
03868
#恒生资讯科技
00020
00268
00285
00302
00303
00327
00354
00522
00552
00696
00700
00763
00777
00856
00861
00909
00981
00992
01024
01119
01137
01347
01357
01385
01675
01686
01810
02038
02121
02400
03396
03690
03738
03888
03896
03969
06088
06608
06610
09618
09626
09698
09878
09888
09898
09923
09959
09988
09990
09991
09999
#恒生电讯
00008
00215
00728
00762
00788
00941
01310
01883
06823
#恒生可持续发展企业
00001
00002
00003
00005
00006
00011
00012
00016
00017
00019
00066
00101
00288
00293
00316
00388
00688
00823
00941
00981
00992
01109
01299
01347
01929
01972
01997
02319
02382
02388
#恒生香港35
00001
00002
00003
00005
00006
00008
00011
00012
00016
00017
00019
00027
00066
00101
00288
00293
00316
00388
00522
00669
00823
00853
01038
01113
01299
01308
01548
01876
01928
01972
01997
02269
02388
02888
06969
#恒生内地100
00020
00135
00144
00151
00168
00175
00241
00267
00268
00270
00285
00291
00322
00384
00386
00586
00656
00688
00700
00728
00762
00772
00788
00836
00857
00868
00881
00883
00914
00916
00939
00941
00960
00968
00981
00992
00998
01024
01044
01066
01088
01093
01109
01171
01177
01193
01209
01211
01288
01347
01378
01398
01658
01772
01801
01810
01919
01929
02007
02015
02020
02202
02313
02318
02319
02328
02331
02333
02359
02382
02601
02618
02628
02688
02899
03311
03323
03328
03690
03692
03800
03888
03968
03988
06030
06098
06110
06186
06618
06690
06862
09618
09626
09633
09868
09888
09961
09988
09992
09999
#恒生大型股
00001
00002
00003
00004
00005
00006
00011
00012
00016
00017
00020
00027
00066
00083
00101
00135
00151
00175
00241
00267
00268
00270
00285
00288
00291
00316
00322
00384
00386
00388
00486
00656
00669
00688
00700
00762
00823
00836
00857
00868
00881
00883
00914
00939
00941
00960
00968
00981
00992
00998
01024
01038
01044
01088
01093
01109
01113
01177
01179
01193
01209
01211
01288
01299
01308
01378
01398
01658
01698
01801
01810
01821
01876
01913
01928
01929
01972
01997
02007
02015
02020
02057
02269
02313
02318
02319
02331
02378
02382
02388
02423
02601
02618
02628
02638
02688
02888
03328
03690
03692
03799
03800
03968
03988
06098
06160
06186
06618
06690
06823
06862
06969
09618
09626
09633
09866
09868
09888
09961
09987
09988
09999
#恒生中型股
00008
00013
00014
00019
00023
00087
00123
00136
00144
00148
00152
00165
00168
00179
00189
00200
00220
00257
00293
00303
00336
00345
00354
00358
00371
00390
00392
00425
00460
00467
00489
00493
00512
00522
00535
00551
00558
00570
00586
00604
00631
00636
00659
00670
00683
00696
00728
00753
00754
00763
00772
00778
00780
00788
00817
00839
00853
00867
00880
00902
00909
00916
00966
00973
01030
01055
01060
01066
01099
01114
01128
01171
01199
01208
01268
01310
01313
01316
01336
01339
01347
01359
01368
01458
01516
01530
01548
01579
01585
01691
01766
01772
01776
01797
01800
01811
01816
01818
01833
01880
01882
01888
01898
01907
01908
01910
01919
01951
01988
01999
02005
02013
02018
02039
02096
02128
02150
02186
02196
02202
02238
02252
02255
02282
02285
02314
02328
02333
02338
02357
02359
02367
02380
02400
02469
02588
02607
02611
02669
02689
02869
02899
03311
03319
03320
03323
03331
03360
03383
03396
03606
03633
03660
03668
03669
03759
03808
03868
03888
03898
03899
03900
03908
03918
03990
03993
03998
06030
06060
06078
06110
06185
06689
06698
06699
06808
06818
06837
06881
06886
06993
09666
09688
09698
09858
09863
09869
09896
09898
09901
09922
09926
09959
09969
09985
09992
#恒生小型股
00081
00095
00119
00142
00177
00185
00215
00256
00272
00297
00302
00308
00314
00327
00338
00363
00405
00410
00440
00506
00520
00546
00552
00576
00581
00587
00590
00639
00650
00658
00665
00667
00694
00697
00710
00732
00743
00751
00775
00777
00806
00819
00826
00855
00856
00861
00873
00934
00956
00990
00991
01052
01070
01083
01112
01117
01119
01121
01137
01138
01157
01167
01176
01186
01196
01234
01238
01244
01250
01258
01302
01357
01361
01381
01382
01385
01415
01448
01475
01477
01478
01513
01515
01521
01600
01610
01668
01675
01686
01725
01755
01765
01787
01788
01789
01798
01799
01813
01860
01873
01877
01883
01890
01896
01952
01958
01966
01992
01996
02019
02038
02099
02121
02137
02138
02145
02157
02158
02160
02162
02171
02172
02192
02197
02208
02233
02257
02273
02279
02291
02343
02356
02362
02390
02407
02500
02600
02616
02666
02678
02727
02772
02777
02799
02858
02883
03309
03339
03347
03377
03380
03613
03618
03709
03738
03877
03896
03913
03933
03969
03996
06049
06055
06066
06069
06088
06099
06100
06169
06600
06606
06608
06610
06616
06639
06655
06660
06855
06865
06878
06929
06955
06968
06988
06989
09668
09696
09857
09877
09878
09886
09909
09923
09939
09955
09956
09966
09979
09983
09990
09991
09993
09995
09996
09997
#恒生高股息率
00002
00006
00008
00011
00014
00017
00123
00144
00148
00220
00257
00267
00270
00371
00386
00489
00683
00728
00762
00857
00868
00883
00914
00939
00941
00998
01038
01088
01199
01288
01310
01313
01336
01339
01359
01378
01398
01766
01888
01898
01988
02314
02388
03311
03323
03328
03360
03988
06818
06881
#恒生港股通新经济
00020
00148
00175
00241
00268
00270
00285
00586
00669
00700
00772
00780
00788
00853
00868
00881
00916
00968
00981
00992
01024
01066
01093
01177
01211
01347
01548
01585
01691
01801
01810
01882
01929
02015
02269
02333
02359
02382
03320
03690
03692
03800
03888
06060
06110
06160
06618
06690
06969
09868
#预托证券
06288
#含权证港股
00001
00002
00003
00004
00005
00006
00008
00011
00012
00016
00017
00019
00020
00027
00066
00091
00135
00144
00148
00151
00152
00168
00175
00189
00211
00241
00257
00267
00268
00270
00285
00288
00291
00293
00316
00322
00347
00354
00358
00384
00386
00388
00390
00425
00489
00522
00552
00558
00656
00669
00688
00694
00696
00700
00710
00728
00753
00762
00763
00772
00778
00788
00823
00826
00836
00853
00857
00867
00868
00880
00881
00883
00884
00902
00909
00914
00916
00939
00941
00956
00960
00966
00968
00981
00992
01024
01044
01055
01066
01083
01088
01093
01099
01109
01113
01128
01138
01157
01171
01177
01183
01186
01193
01208
01209
01211
01288
01299
01308
01313
01336
01339
01347
01368
01378
01385
01398
01515
01548
01585
01658
01766
01772
01776
01787
01797
01798
01799
01800
01801
01810
01816
01818
01833
01876
01877
01880
01888
01910
01919
01928
01929
01951
01988
01997
02007
02013
02015
02018
02020
02057
02186
02196
02202
02208
02238
02269
02282
02313
02318
02319
02328
02331
02333
02338
02357
02359
02380
02382
02388
02600
02601
02607
02618
02628
02688
02689
02727
02800
02822
02823
02840
02869
02883
02888
02899
03033
03188
03311
03319
03320
03323
03328
03606
03669
03690
03692
03759
03800
03808
03868
03888
03898
03908
03968
03988
03993
03996
03998
06030
06049
06060
06066
06098
06110
06186
06618
06808
06837
06862
06865
06881
06886
06969
06993
07836
08402
09618
09626
09633
09696
09698
09866
09868
09888
09922
09926
09961
09988
09992
09999
#MSCI大陆小型股
00148
00460
00520
00527
00607
00719
00755
00815
01011
01022
01027
01061
01090
01103
01129
01141
01253
01269
01293
01317
01321
01335
01381
01396
01478
01522
01599
01708
01717
01786
01866
02100
02111
02120
02236
02314
02389
02488
02669
03369
03399
06198
06869
06878
08156
08189
#MSCI香港小型股
00139
00218
00279
00295
00439
00444
00510
00911
00982
00993
01004
01063
01164
01188
01196
01347
01428
01811
08018
#港股通
00001
00002
00003
00004
00005
00006
00008
00011
00012
00013
00014
00016
00017
00019
00020
00023
00027
00038
00066
00081
00083
00087
00095
00101
00107
00119
00123
00135
00136
00142
00144
00148
00151
00152
00165
00168
00175
00177
00179
00185
00187
00189
00200
00215
00220
00241
00256
00257
00267
00268
00270
00272
00285
00288
00291
00293
00297
00302
00303
00308
00314
00316
00317
00322
00323
00327
00336
00338
00345
00347
00354
00358
00363
00371
00384
00386
00388
00390
00392
00410
00425
00440
00460
00467
00489
00493
00506
00512
00520
00522
00525
00535
00546
00548
00551
00552
00553
00558
00564
00568
00570
00576
00581
00586
00587
00588
00590
00598
00604
00631
00636
00639
00650
00656
00658
00659
00665
00667
00669
00670
00683
00688
00694
00696
00697
00700
00710
00719
00728
00732
00743
00751
00753
00754
00762
00763
00772
00775
00777
00780
00788
00806
00811
00817
00819
00826
00836
00839
00853
00855
00856
00857
00861
00867
00868
00873
00874
00880
00881
00883
00895
00902
00909
00914
00916
00921
00934
00939
00941
00956
00960
00966
00968
00973
00981
00990
00991
00992
00995
00998
01024
01030
01033
01038
01044
01052
01053
01055
01057
01060
01065
01066
01070
01071
01072
01083
01088
01093
01099
01108
01109
01112
01113
01114
01117
01119
01121
01128
01137
01138
01157
01167
01171
01176
01177
01186
01193
01196
01199
01208
01209
01211
01234
01238
01244
01250
01258
01268
01288
01299
01302
01308
01310
01313
01316
01330
01336
01339
01347
01349
01357
01359
01361
01368
01375
01378
01381
01382
01385
01398
01415
01448
01456
01458
01475
01477
01478
01513
01515
01516
01521
01528
01530
01548
01579
01585
01600
01610
01618
01635
01658
01668
01675
01686
01691
01725
01755
01765
01766
01772
01776
01787
01788
01789
01797
01798
01799
01800
01801
01810
01811
01812
01813
01816
01818
01821
01833
01839
01858
01860
01873
01876
01877
01880
01882
01883
01888
01890
01896
01898
01907
01908
01910
01919
01928
01929
01951
01952
01958
01963
01966
01972
01988
01992
01996
01997
01999
02005
02007
02009
02013
02015
02016
02018
02019
02020
02038
02039
02068
02096
02099
02121
02128
02137
02138
02145
02150
02157
02158
02160
02162
02171
02172
02186
02192
02196
02197
02202
02208
02218
02233
02238
02252
02255
02257
02269
02273
02279
02282
02285
02291
02313
02314
02318
02319
02328
02331
02333
02338
02343
02356
02357
02359
02362
02367
02378
02380
02382
02388
02400
02402
02407
02469
02500
02588
02600
02601
02607
02611
02616
02618
02628
02666
02669
02678
02688
02689
02727
02772
02777
02799
02800
02828
02858
02866
02869
02880
02883
02888
02899
02954
03032
03033
03037
03067
03309
03311
03319
03320
03323
03328
03331
03339
03347
03360
03369
03377
03380
03383
03396
03606
03613
03618
03633
03668
03669
03678
03690
03692
03709
03738
03759
03799
03800
03808
03866
03868
03877
03888
03896
03898
03899
03900
03908
03913
03918
03933
03958
03968
03969
03988
03990
03993
03996
03998
06030
06049
06055
06060
06066
06069
06078
06088
06098
06099
06100
06110
06127
06160
06169
06178
06185
06186
06196
06198
06600
06606
06610
06616
06618
06639
06655
06660
06680
06689
06690
06698
06699
06806
06808
06818
06821
06826
06837
06855
06862
06865
06869
06878
06881
06886
06929
06955
06968
06969
06988
06989
06993
09626
09633
09666
09668
09688
09696
09857
09858
09863
09868
09869
09877
09878
09886
09896
09909
09922
09923
09926
09939
09955
09956
09959
09966
09969
09979
09983
09985
09987
09989
09990
09992
09993
09995
09996
09997
#港股通精选100
00001
00002
00003
00004
00005
00006
00011
00012
00016
00017
00019
00020
00027
00066
00083
00101
00135
00151
00175
00241
00267
00268
00270
00285
00288
00291
00293
00316
00322
00384
00388
00656
00669
00688
00700
00762
00772
00788
00836
00853
00868
00881
00960
00968
00992
01024
01038
01044
01066
01093
01109
01113
01177
01193
01209
01299
01308
01313
01347
01378
01548
01801
01810
01821
01876
01928
01929
01972
01997
02007
02015
02020
02269
02313
02319
02328
02331
02378
02382
02388
02618
02688
02888
03690
03692
03799
03800
03998
06098
06110
06186
06618
06862
06969
06993
09626
09633
09688
09868
09987
#深港通HK
00001
00002
00003
00004
00005
00006
00008
00011
00012
00013
00014
00016
00017
00019
00020
00023
00027
00038
00066
00081
00083
00087
00095
00101
00107
00119
00123
00135
00136
00142
00144
00148
00151
00152
00165
00168
00175
00177
00179
00185
00187
00189
00200
00215
00220
00241
00256
00257
00267
00268
00270
00272
00285
00288
00291
00293
00297
00302
00303
00308
00314
00316
00317
00322
00323
00327
00336
00338
00345
00347
00354
00358
00363
00371
00384
00386
00388
00390
00392
00410
00425
00440
00460
00467
00489
00493
00506
00512
00520
00522
00525
00535
00546
00548
00551
00552
00553
00558
00564
00568
00570
00576
00581
00586
00587
00588
00590
00598
00604
00631
00636
00639
00650
00656
00658
00659
00665
00667
00669
00670
00683
00688
00694
00696
00697
00700
00710
00719
00728
00732
00743
00751
00753
00754
00762
00763
00772
00775
00777
00780
00788
00806
00811
00817
00819
00826
00836
00839
00853
00855
00856
00857
00861
00867
00868
00873
00874
00880
00881
00883
00895
00902
00909
00914
00916
00921
00934
00939
00941
00956
00960
00966
00968
00973
00981
00990
00991
00992
00995
00998
01024
01030
01033
01038
01044
01052
01053
01055
01057
01060
01065
01066
01070
01071
01072
01083
01088
01093
01099
01108
01109
01112
01113
01114
01117
01119
01121
01128
01137
01138
01157
01167
01171
01176
01177
01186
01193
01196
01199
01208
01209
01211
01234
01238
01244
01250
01258
01268
01288
01299
01302
01308
01310
01313
01316
01330
01336
01339
01347
01349
01357
01359
01361
01368
01375
01378
01381
01382
01385
01398
01415
01448
01456
01458
01475
01477
01478
01513
01515
01516
01521
01528
01530
01548
01579
01585
01600
01610
01618
01635
01658
01668
01675
01686
01691
01725
01755
01765
01766
01772
01776
01787
01788
01789
01797
01798
01799
01800
01801
01810
01811
01812
01813
01816
01818
01821
01833
01839
01858
01860
01873
01876
01877
01880
01882
01883
01888
01890
01896
01898
01907
01908
01910
01919
01928
01929
01951
01952
01958
01963
01966
01972
01988
01992
01996
01997
01999
02005
02007
02009
02013
02015
02016
02018
02019
02020
02038
02039
02068
02096
02099
02121
02128
02137
02138
02145
02150
02157
02158
02160
02162
02171
02172
02186
02192
02196
02197
02202
02208
02218
02233
02238
02252
02255
02257
02269
02273
02279
02282
02285
02291
02313
02314
02318
02319
02328
02331
02333
02338
02343
02356
02357
02359
02362
02367
02378
02380
02382
02388
02400
02402
02407
02469
02500
02588
02600
02601
02607
02611
02616
02618
02628
02666
02669
02678
02688
02689
02727
02772
02777
02799
02800
02828
02858
02866
02869
02880
02883
02888
02899
02954
03032
03033
03037
03067
03309
03311
03319
03320
03323
03328
03331
03339
03347
03360
03369
03377
03380
03383
03396
03606
03613
03618
03633
03668
03669
03678
03690
03692
03709
03738
03759
03799
03800
03808
03866
03868
03877
03888
03896
03898
03899
03900
03908
03913
03918
03933
03958
03968
03969
03988
03990
03993
03996
03998
06030
06049
06055
06060
06066
06069
06078
06088
06098
06099
06100
06110
06127
06160
06169
06178
06185
06186
06196
06198
06600
06606
06610
06616
06618
06639
06655
06660
06680
06689
06690
06698
06699
06806
06808
06818
06821
06826
06837
06855
06862
06865
06869
06878
06881
06886
06929
06955
06968
06969
06988
06989
06993
09626
09633
09666
09668
09688
09696
09857
09858
09863
09868
09869
09877
09878
09886
09896
09909
09922
09923
09926
09939
09955
09956
09959
09966
09969
09979
09983
09985
09987
09989
09990
09992
09993
09995
09996
09997
#沪港通HK
00001
00002
00003
00004
00005
00006
00008
00011
00012
00013
00014
00016
00017
00019
00020
00023
00027
00038
00066
00081
00083
00087
00095
00101
00107
00119
00123
00135
00136
00142
00144
00148
00151
00152
00165
00168
00175
00177
00179
00185
00187
00189
00200
00215
00220
00241
00256
00257
00267
00268
00270
00272
00285
00288
00291
00293
00297
00302
00303
00308
00314
00316
00317
00322
00323
00327
00336
00338
00345
00347
00354
00358
00363
00371
00384
00386
00388
00390
00392
00410
00425
00440
00460
00467
00489
00493
00506
00512
00520
00522
00525
00535
00546
00548
00551
00552
00553
00558
00564
00568
00570
00576
00581
00586
00587
00588
00590
00598
00604
00631
00636
00639
00650
00656
00658
00659
00665
00667
00669
00670
00683
00688
00694
00696
00697
00700
00710
00719
00728
00732
00743
00751
00753
00754
00762
00763
00772
00775
00777
00780
00788
00806
00811
00817
00819
00826
00836
00839
00853
00855
00856
00857
00861
00867
00868
00873
00874
00880
00881
00883
00895
00902
00909
00914
00916
00921
00934
00939
00941
00956
00960
00966
00968
00973
00981
00990
00991
00992
00995
00998
01024
01030
01033
01038
01044
01052
01053
01055
01057
01060
01065
01066
01070
01071
01072
01083
01088
01093
01099
01108
01109
01112
01113
01114
01117
01119
01121
01128
01137
01138
01157
01167
01171
01176
01177
01186
01193
01196
01199
01208
01209
01211
01234
01238
01244
01250
01258
01268
01288
01299
01302
01308
01310
01313
01316
01330
01336
01339
01347
01349
01357
01359
01361
01368
01375
01378
01381
01382
01385
01398
01415
01448
01456
01458
01475
01477
01478
01513
01515
01516
01521
01528
01530
01548
01579
01585
01600
01610
01618
01635
01658
01668
01675
01686
01691
01725
01755
01765
01766
01772
01776
01787
01788
01789
01797
01798
01799
01800
01801
01810
01811
01812
01813
01816
01818
01821
01833
01839
01858
01860
01873
01876
01877
01880
01882
01883
01888
01890
01896
01898
01907
01908
01910
01919
01928
01929
01951
01952
01958
01963
01966
01972
01988
01992
01996
01997
01999
02005
02007
02009
02013
02015
02016
02018
02019
02020
02038
02039
02068
02096
02099
02121
02128
02137
02138
02145
02150
02157
02158
02160
02162
02171
02172
02186
02192
02196
02197
02202
02208
02218
02233
02238
02252
02255
02257
02269
02273
02279
02282
02285
02291
02313
02314
02318
02319
02328
02331
02333
02338
02343
02356
02357
02359
02362
02367
02378
02380
02382
02388
02400
02402
02407
02469
02500
02588
02600
02601
02607
02611
02616
02618
02628
02666
02669
02678
02688
02689
02727
02772
02777
02799
02800
02828
02858
02866
02869
02880
02883
02888
02899
02954
03032
03033
03037
03067
03309
03311
03319
03320
03323
03328
03331
03339
03347
03360
03369
03377
03380
03383
03396
03606
03613
03618
03633
03668
03669
03678
03690
03692
03709
03738
03759
03799
03800
03808
03866
03868
03877
03888
03896
03898
03899
03900
03908
03913
03918
03933
03958
03968
03969
03988
03990
03993
03996
03998
06030
06049
06055
06060
06066
06069
06078
06088
06098
06099
06100
06110
06127
06160
06169
06178
06185
06186
06196
06198
06600
06606
06610
06616
06618
06639
06655
06660
06680
06689
06690
06698
06699
06806
06808
06818
06821
06826
06837
06855
06862
06865
06869
06878
06881
06886
06929
06955
06968
06969
06988
06989
06993
09626
09633
09666
09668
09688
09696
09857
09858
09863
09868
09869
09877
09878
09886
09896
09909
09922
09923
09926
09939
09955
09956
09959
09966
09969
09979
09983
09985
09987
09989
09990
09992
09993
09995
09996
09997
#恒生中国央企
00135
00144
00267
00291
00297
00338
00386
00552
00570
00688
00696
00728
00753
00762
00836
00857
00883
00939
00941
00966
00981
01055
01088
01099
01109
01193
01199
01209
01313
01398
01515
01610
01880
01898
01919
02099
02319
02328
02357
02600
02628
03311
03320
03323
03898
03908
03969
03988
06030
06881
#恒生互联网科技
00020
00268
00302
00354
00696
00700
00856
00909
01024
01137
01675
02121
02400
03690
03738
03888
03896
06610
09618
09626
09698
09878
09888
09898
09923
09959
09988
09990
09991
09999
#恒生科技
00020
00241
00268
00285
00700
00772
00981
00992
01024
01347
01810
01833
02015
02018
02382
03690
03888
06060
06618
06690
09618
09626
09698
09866
09868
09888
09898
09961
09988
09999
#合订证券
01270
02638
06823
#第二上市港股
00945
01179
01698
02518
03660
09618
09698
09866
09888
09898
09901
09961
09988
09999
89618
89888
89988
#同股不同权港股
00020
01024
01698
01810
02015
02057
02076
02390
02391
02423
03690
06608
09618
09626
09698
09866
09868
09888
09898
09959
09988
09991
80020
81024
81810
83690
89618
89888
89988
#港股通ETF
02800
02828
03032
03033
03037
03067
#杠杆及反向基金
07200
07204
07226
07232
07233
07234
07248
07252
07261
07266
07288
07299
07300
07331
07332
07333
07345
07348
07374
07500
07505
07522
07552
07568
07588
#港交所REITs
00405
00435
00778
00808
00823
01426
01503
01881
02191
02778
02994
87001
#双柜台港股
80011
80016
80020
80175
80291
80388
80700
80883
80941
80992
81024
81211
81299
81810
82020
82318
82331
82333
82388
83690
86618
89618
89888
89988
#港股-内地房地产
00028
00029
00059
00075
00081
00095
00101
00106
00108
00119
00123
00160
00169
00173
00207
00214
00216
00217
00230
00251
00258
00272
00298
00313
00337
00352
00363
00410
00485
00488
00497
00498
00535
00563
00588
00600
00604
00610
00672
00680
00683
00687
00688
00726
00733
00736
00747
00754
00755
00798
00813
00817
00832
00845
00846
00859
00884
00896
00898
00899
00910
00960
00978
00983
00997
01030
01064
01107
01109
01124
01125
01168
01176
01186
01207
01215
01224
01232
01233
01238
01278
01281
01321
01383
01387
01396
01570
01618
01622
01628
01638
01663
01668
01777
01813
01838
01862
01902
01908
01918
01966
01996
02007
02019
02098
02117
02118
02202
02278
02286
02329
02355
02421
02599
02608
02678
02699
02768
02772
02777
02789
03301
03311
03333
03377
03380
03383
03616
03639
03883
03900
03990
06111
06158
06611
06666
06900
06968
06999
09968
09993
#港股-内地保险股
00222
00376
00662
00945
00966
01299
01336
01339
01508
02318
02328
02378
02601
02628
06060
06161
06963
#港股-内地券商股
00111
00165
00227
00665
01375
01456
01461
01476
01776
01788
02263
02611
03678
03908
03958
06030
06058
06066
06099
06178
06806
06837
06881
06886
#港股-内地银行股
00416
00939
00998
01216
01288
01398
01551
01578
01658
01916
01963
01983
01988
02016
02066
02139
02558
03328
03618
03698
03866
03968
03988
06122
06138
06190
06196
06199
06818
09668
09677
09889
#港股-生物科技B
01167
01228
01477
01672
01875
01952
02105
02126
02137
02142
02157
02160
02162
02170
02171
02179
02181
02185
02190
02197
02216
02235
02251
02252
02256
02257
02297
02315
02480
02487
02500
02552
02616
03681
06609
06622
06628
06669
06855
06922
06978
06990
06996
06998
09877
09939
09966
09996
#港股通央企ESG
00135
00144
00257
00291
00297
00338
00489
00552
00570
00670
00688
00696
00728
00753
00762
00788
00941
00966
00981
01055
01099
01109
01138
01199
01209
01336
01515
01610
01798
01816
01880
01919
02099
02319
02628
02666
02669
02883
03377
03969
#港股-台资
00151
00157
00210
00220
00258
00322
00334
00352
00360
00422
00425
00471
00482
00531
00551
00645
00676
00743
00757
00915
00990
01079
01116
01129
01170
01223
01225
01808
01836
01868
01991
01997
02038
02317
02368
02878
03336
03999
06088
06808
08041
08150
08179
08226
08257
#港股-太阳能
00182
00295
00397
00438
00451
00686
00712
00750
00757
00868
00968
01108
01165
01250
01799
02188
03606
03800
03868
06865
08137
#港股-风电
00182
00527
00579
00836
00916
00956
01072
01185
01798
02188
02208
#港股-环保
00003
00090
00147
00154
00202
00257
00309
00331
00332
00351
00371
00392
00556
00579
00586
00646
00855
00871
00895
00910
00923
00976
00979
00987
01004
01065
01072
01129
01159
01165
01253
01330
01381
01395
01397
01452
01527
01636
01798
01845
02222
02727
02789
03989
06136
06805
06839
06888
08007
08128
08132
08169
#港股-高铁
00066
00323
00351
00390
00525
01186
01766
01800
02169
03898
03969
#港股-页岩气
00135
00196
00206
00386
00568
00702
00857
00883
00934
01080
01251
01555
01938
02178
03337
03899
#港股-博彩
00027
00070
00082
00102
00200
00296
00326
00487
00582
00628
00880
00959
01059
01076
01128
01180
01245
01280
01371
01680
01928
02282
03918
08071
08156
08198
08279
#港股-新能源汽车
00175
00305
00489
00708
01114
01211
01958
02015
02238
02333
09863
09866
09868
#港股-涉矿
00381
00610
00638
00668
00815
00893
00899
00985
01029
01142
02112
02212
02302
02330
02362
02600
02623
02899
03313
03668
03788
03833
08071
#港股-移动互联网
00008
00030
00136
00215
00268
00354
00418
00543
00700
00728
00762
00763
00772
00777
00799
00818
00862
00941
00981
00992
01024
01094
01297
01348
01522
01686
01810
01883
01980
02013
02100
02342
02369
03690
03773
03888
06618
06823
08006
08007
08026
08047
08048
08083
08106
08131
08166
08167
08178
08227
09618
09626
09888
09988
09999
#港股-阿里概念
00020
00241
00312
00376
00656
00980
01003
01060
01297
01528
01761
02048
02057
02318
03818
03908
06060
06808
06886
08279
08368
09626
09878
09991
#港股-腾讯概念
00136
00169
00267
00419
00701
00772
00780
00922
01024
01119
01371
01448
01668
01797
01896
02013
02858
03309
03690
03888
03908
06030
06060
06988
08083
08161
08296
09618
09626
09866
09923
09959
#港股-电影娱乐
00027
00070
00200
00296
00326
00487
00547
00557
00628
00703
00880
00959
01003
01046
01060
01128
01132
01371
01896
01928
01970
01981
02125
02282
03918
06889
08220
08228
09958
#港股-网络游戏
00082
00136
00302
00434
00484
00595
00700
00777
00797
00799
01022
01049
01060
01119
01909
01961
01980
02022
02100
02400
02660
03601
03738
03798
03888
06633
06820
06860
06899
08081
08148
08198
08267
08282
09626
09990
09999
#港股-苹果概念
00215
00285
00315
00698
00856
01415
01478
02018
02038
02078
02283
02382
03336
#港股-中信系
00241
00267
00998
01091
01205
01883
06030
08172
#港股-外国公司
00486
00807
00924
00945
00973
00975
01245
01316
01343
01376
01416
01420
01442
01463
01521
01540
01545
01552
01593
01620
01647
01650
01655
01665
01693
01695
01696
01706
01712
01721
01726
01742
01747
01752
01767
01792
01843
01846
01849
01856
01865
01872
01903
01910
01913
01936
01939
01942
01949
01953
01957
01960
01987
02012
02108
02115
02222
02225
02227
02378
03302
03395
03668
03738
03918
03928
06090
06113
06288
06819
06858
06889
06928
08027
08208
08229
08283
08292
08293
08313
08353
08357
08373
08383
08402
08418
08420
08427
08430
08437
08451
08462
08475
08480
08487
08491
08496
08513
08527
08609
08611
08613
08645
09998
#港股-次新股
00314
00933
01244
01284
01405
01407
01489
01698
01880
01947
02076
02105
02145
02147
02152
02245
02271
02291
02306
02315
02321
02350
02367
02373
02402
02405
02407
02409
02411
02415
02416
02420
02421
02422
02425
02427
02433
02436
02439
02440
02442
02450
02455
02457
02458
02459
02469
02480
02481
02482
02486
02487
02602
03611
03650
03660
03896
03931
06610
06623
06660
06683
06689
06696
06698
06922
06929
06955
06963
06979
06990
07801
07841
07855
09636
09658
09669
09689
09857
09860
09863
09877
09885
09886
09930
09985
80011
80016
80020
80175
80291
80388
80700
80883
80941
80992
81024
81211
81299
81810
82020
82318
82331
82333
82388
83690
86618
89618
89888
89988
#港股-华润系
00291
00836
01109
01193
01209
01313
01515
03320
#港股-长和系
00001
00006
00008
00013
00215
00432
00775
01038
01113
02383
02638
06823
#港股-细价股
00009
00021
00022
00058
00059
00061
00070
00073
00084
00091
00092
00094
00139
00145
00147
00149
00167
00176
00181
00197
00217
00228
00232
00234
00235
00245
00248
00250
00260
00261
00262
00265
00269
00273
00279
00292
00295
00309
00310
00312
00313
00332
00342
00348
00356
00359
00360
00361
00372
00379
00380
00413
00426
00433
00436
00444
00476
00487
00491
00493
00495
00508
00509
00515
00519
00521
00526
00559
00574
00582
00602
00607
00621
00630
00653
00657
00660
00661
00680
00681
00682
00689
00690
00698
00702
00707
00715
00717
00718
00721
00723
00727
00745
00747
00755
00756
00760
00764
00767
00768
00802
00809
00812
00845
00858
00862
00865
00871
00872
00876
00886
00888
00893
00899
00901
00904
00911
00915
00923
00925
00928
00932
00943
00986
00993
00996
00997
01002
01004
01011
01013
01020
01029
01062
01064
01069
01076
01079
01080
01097
01101
01102
01103
01124
01130
01132
01145
01146
01147
01152
01165
01166
01172
01173
01185
01188
01189
01195
01201
01207
01210
01215
01217
01220
01222
01232
01237
01239
01241
01243
01246
01259
01266
01269
01278
01281
01312
01323
01326
01327
01328
01335
01338
01340
01348
01360
01376
01389
01416
01418
01420
01429
01433
01439
01452
01470
01472
01532
01545
01552
01555
01559
01566
01580
01591
01592
01621
01630
01633
01636
01647
01650
01661
01682
01690
01693
01695
01699
01706
01715
01720
01740
01742
01750
01752
01792
01822
01826
01859
01862
01872
01889
01912
01920
02022
02051
02078
02088
02110
02113
02122
02129
02178
02195
02222
02227
02262
02310
02320
02323
02326
02329
02349
02358
02363
02369
02371
02389
02668
02699
02728
02789
03344
03666
03728
03789
03822
03830
03878
03889
03919
06063
06080
06108
06111
06828
06860
06877
06878
06900
08013
08020
08021
08028
08029
08036
08042
08047
08048
08059
08060
08063
08066
08071
08072
08076
08078
08079
08081
08082
08091
08092
08098
08106
08111
08117
08123
08125
08128
08130
08131
08136
08140
08143
08148
08150
08151
08152
08156
08158
08160
08163
08166
08167
08169
08172
08181
08188
08189
08201
08206
08208
08210
08211
08221
08222
08228
08232
08237
08249
08271
08277
08280
08285
08287
08290
08293
08295
08300
08305
08307
08309
08313
08320
08325
08356
08362
08363
08365
08366
08370
08372
08383
08385
08392
08400
08416
08417
08420
08422
08423
08429
08432
08437
08447
08448
08450
08455
08462
08472
08482
08483
08493
08510
08513
08519
08532
08535
08537
08545
08547
08616
08619
08621
08623
08631
09608
09929
09938
09968
#港股-核电
00611
00991
01072
01133
01164
01811
01816
02302
02727
#港股-军工
00031
00085
00232
00317
00438
00553
01045
01185
01292
02357
02878
#港股-在线旅游
00265
00308
00487
00696
00780
01235
01745
09961
#港股-天然气
00002
00003
00007
00012
00076
00135
00166
00228
00260
00276
00342
00346
00353
00384
00386
00392
00467
00474
00603
00631
00632
00663
00681
00702
00839
00857
00883
00931
01080
01083
01101
01102
01193
01251
01265
01555
01600
01623
01938
02012
02178
02236
02688
02728
02883
02886
03337
03633
03899
03983
06661
08009
08011
08270
09908
#港股-民营医院
00648
00662
00874
01177
01515
01638
02196
03333
08143
09906
#港股-LED
00515
00522
00595
00751
01184
01305
01868
02222
08150
08222
#港股-殡葬
00701
00922
01448
06966
08082
08296
#港股-小盘股
00009
00048
00055
00058
00061
00070
00076
00079
00084
00110
00115
00130
00145
00164
00167
00176
00193
00197
00209
00243
00248
00260
00261
00262
00299
00309
00310
00318
00339
00342
00348
00352
00359
00377
00381
00396
00401
00403
00426
00456
00464
00465
00485
00495
00509
00515
00524
00540
00544
00574
00601
00602
00605
00616
00619
00630
00645
00646
00651
00657
00660
00682
00704
00723
00724
00736
00745
00768
00770
00794
00802
00804
00834
00840
00864
00871
00886
00888
00899
00901
00904
00911
00928
00959
00986
00996
00997
01000
01007
01013
01064
01069
01079
01087
01102
01130
01142
01145
01152
01156
01160
01162
01166
01182
01189
01195
01210
01213
01220
01225
01235
01237
01239
01241
01246
01259
01266
01281
01289
01315
01327
01340
01355
01360
01362
01371
01376
01380
01416
01421
01429
01433
01439
01452
01470
01472
01495
01536
01552
01566
01581
01591
01592
01621
01631
01633
01640
01647
01653
01671
01682
01690
01693
01695
01699
01706
01720
01723
01736
01749
01750
01792
01825
01862
01872
01912
01941
01949
02022
02028
02031
02113
02122
02178
02195
02203
02211
02223
02227
02262
02310
02312
02320
02323
02324
02330
02363
02699
03313
03626
03822
03830
03878
03893
03919
03938
03963
03997
06080
06108
06111
06163
06189
06193
06611
06880
06900
08001
08006
08009
08013
08018
08019
08020
08027
08028
08030
08035
08042
08043
08045
08048
08052
08059
08060
08063
08065
08066
08067
08069
08070
08072
08073
08076
08078
08079
08082
08087
08091
08092
08093
08096
08100
08103
08106
08111
08112
08113
08115
08117
08121
08123
08125
08126
08130
08131
08133
08136
08139
08140
08147
08150
08151
08152
08156
08159
08160
08161
08163
08166
08169
08173
08181
08186
08187
08188
08191
08193
08200
08201
08203
08205
08206
08208
08210
08211
08217
08219
08220
08221
08222
08226
08228
08232
08237
08239
08241
08249
08250
08267
08277
08280
08282
08285
08286
08287
08290
08291
08292
08293
08296
08300
08305
08307
08309
08319
08320
08321
08325
08331
08333
08337
08340
08341
08347
08353
08356
08362
08363
08365
08366
08370
08372
08373
08375
08383
08385
08392
08400
08401
08403
08412
08416
08417
08419
08420
08422
08423
08425
08427
08428
08429
08430
08431
08432
08436
08447
08448
08450
08455
08456
08460
08462
08472
08475
08481
08482
08483
08489
08491
08493
08495
08500
08501
08507
08510
08511
08513
08516
08519
08523
08526
08532
08536
08537
08545
08547
08611
08616
08619
08620
08621
08622
08623
08627
08631
08635
09918
09963
09978
#港股-康健
00080
00397
00653
00745
01046
01063
01082
02324
02700
03886
08021
08081
08100
08120
08250
08326
#港股-壳股
00036
00061
00102
00122
00264
00295
00351
00372
00439
00499
00557
00600
00745
00864
00905
00979
00983
01010
01102
01150
01160
02379
08007
08009
08071
08148
08340
#港股-光大系
00165
00257
01257
01848
01857
06178
06818
#港股-稀土永磁
00164
00358
00769
01208
02068
02346
02600
03833
06680
08250
#港股-移动支付
00139
00318
00327
00700
00763
00818
01026
01385
03315
08083
08092
08106
08325
#港股-智能穿戴
00698
00763
00992
02000
02018
02038
02369
03882
#港股-婴童
00151
00209
00381
00413
00635
00638
00765
00869
01005
01044
01082
01086
01112
01117
01126
01225
01247
01259
01262
01317
01361
01432
01761
01951
02020
02100
02255
02319
02700
06186
06918
#港股-奶制品
01007
01117
01431
01432
01717
02319
06186
09858
#港股-奢侈品
00084
00113
00116
00256
00280
00398
00417
00590
00887
00970
01856
01913
01929
03389
#港股-体育
00361
00551
00953
01361
01368
01661
01803
02020
02309
02331
03322
03650
03818
03998
06110
06858
#港股-物流
00144
00152
00197
00237
00316
00370
00498
00517
00544
00554
00560
00598
00636
00925
00934
01103
01138
01145
01192
01199
01292
01308
01341
01396
01668
01728
01733
01803
02039
02057
02130
02322
02880
03369
03382
03399
06123
06198
08310
08348
08482
08620
09699
09956
#港股-航空
00019
00087
00267
00293
00357
00670
00694
00696
00753
01055
#港股-中广核
01164
01811
01816
#港股-中国建筑系
00081
00688
00830
02669
03311
#港股-中粮系
00207
00420
00506
00906
01117
01432
01610
02319
#港股-中航系
00232
00260
02357
#港股-北京控股系
00154
00371
00384
00392
00925
01250
01486
02389
03718
06828
08247
#港股-恒大系
00708
03333
06666
#港股-医美概念
00460
00719
00867
01125
01530
01696
01827
01830
02135
02138
02196
03600
06699
06826
#港股-猪肉概念
00288
01068
01340
01610
01699
#港股-OLED概念
00259
00334
00710
00732
#港股-股权转让
00136
00218
00245
00334
00559
00708
00715
00726
00812
00915
00980
00993
01003
01159
01281
01329
01822
02336
02389
06880
08063
08172
08310
#港股-股权集中
00412
00708
00901
00989
01159
01442
01463
01735
01820
01965
02112
02125
02155
02195
02225
02325
03318
03683
03709
06118
08402
08527
08536
09968
#港股-雄安新区
00371
00956
01727
02009
03323
03382
03888
#港股-海航系
00042
00357
00442
00521
00687
00974
01626
02086
#港股-高供股
00009
00059
00139
00149
00273
00329
00339
00356
00397
00412
00436
00439
00456
00476
00491
00499
00530
00582
00616
00663
00726
00736
00767
00913
00928
00943
00986
00993
01003
01004
01063
01076
01194
01222
01226
01246
01383
02086
02324
02358
02961
08019
08078
08079
08087
08120
08130
08172
08173
08186
08200
08215
08228
#港股-民办教育
00382
00667
00839
01082
01269
01317
01449
01525
01565
01569
01593
01598
01752
01756
01758
01765
01769
01773
01775
01797
01851
01871
01890
01935
01969
02001
02779
03978
06068
06169
08160
08363
08417
09616
09901
09986
#港股-独角兽
00133
00656
00772
00780
01548
01761
01810
01833
02051
02196
02280
02858
03690
03700
06862
#港股-H股全流通
01066
01292
01501
01558
01601
01671
01713
01727
01818
01835
02121
02145
02157
02163
02179
02185
02190
02235
02251
02276
02289
02315
02357
02411
02480
02482
02500
02718
02777
02799
03319
03323
03396
03833
06060
06609
06660
06689
06885
06922
06955
08139
09633
09666
09699
09863
09877
09878
09995
#港股-粤港澳
00124
00144
00257
00363
00548
00560
00604
00700
00895
01233
01313
01330
01638
01813
02007
02039
03380
03383
03399
#港股-华融系
00993
02799
#港股-复星持股
00168
00656
01099
01696
01761
01818
01992
02196
02298
02696
#港股-招商局系
00144
00598
00978
03968
06099
#港股-富士康系
00650
00941
01037
02038
06088
#港股-5G概念
00215
00315
00552
00553
00728
00762
00763
00788
00941
00947
00992
01300
01613
01617
01720
01883
02000
02018
02342
03396
06133
06869
08227
#港股-锂电池
00285
00819
00951
01211
01772
01986
02237
03931
08137
09696
#港股-太古系
00019
00087
00293
01972
#港股-区块链
00268
00686
00700
00802
01357
01611
01647
02239
02280
03888
06060
08005
08267
#港股-金融科技
00279
00327
00605
00656
00700
00818
02003
02051
02318
02680
02858
03903
06060
08239
08613
#港股-安防
00262
01708
08060
08245
08315
#港股-养老概念
00106
00123
00519
00960
02389
03377
08189
#港股-消费龙头
00520
01368
01579
01610
02020
02313
02331
03690
03998
06288
06862
09633
#港股-抗疫
00241
00285
00460
00570
00719
01093
01173
01177
01211
01400
01666
01672
01833
01877
01991
02038
02137
02179
02196
02197
02238
06185
06618
08156
09939
#港股-佳兆业系
00876
00936
01638
02168
#港股-曾遭做空
00001
00336
00371
00384
00400
00496
00570
00607
00639
00682
00819
00867
00868
00931
00945
00992
01044
01068
01099
01179
01196
01360
01361
01378
01636
01717
01910
01980
01995
01999
02018
02020
02233
02382
02698
02888
03799
03998
06160
06186
#港股-远程办公
00268
00700
01588
03888
09988
#港股-高校背景
00365
00872
00981
01250
01349
01385
08045
08095
08205
#港股-水产品
00060
00197
00814
00974
00980
01676
08476
08491
#港股-国美系
00493
00628
08172
#港股-新型烟草
00285
00336
01979
02182
03318
06055
06969
#港股-药明系
02126
02269
02359
#港股-碳中和
00182
00189
00257
00323
00347
00358
00438
00451
00579
00581
00686
00712
00743
00750
00757
00836
00868
00902
00914
00916
00951
00956
01053
01088
01108
01164
01165
01171
01208
01211
01250
01313
01372
01378
01772
01798
01799
01816
01898
02009
02208
02600
02727
02899
03323
03606
03800
03868
03993
06865
#港股-华为概念
00354
00728
00762
00788
00941
00947
00981
01888
02342
06869
#港股-特斯拉概念
00285
00425
00558
00700
00762
00838
01211
01316
01571
01585
01772
01888
03606
09696
#港股-CXO概念
01521
01548
01873
02269
02359
03347
03759
06127
06160
06821
#港股-云计算
00268
00354
00596
00700
00856
00861
01860
03888
09988
#港股-短视频概念
00136
00700
01024
01351
01860
01948
02013
02131
03700
06988
08083
09626
#港股-Saas概念
00268
00354
00909
01490
01611
01739
01753
01860
02013
02101
02131
02158
02167
02361
02392
03738
03888
06608
06638
06988
08083
09600
09923
09955
09959
#港股-电商概念
00493
00543
00700
00825
00980
00984
01060
01293
01450
01728
01810
01913
01929
01980
02020
02057
02280
02420
03308
03690
06808
08041
08178
09618
09988
09991
09999
#港股-电子竞技
00700
00777
06899
08279
#港股-元宇宙
00020
00302
00547
00700
00776
00777
01024
01119
01263
01810
02018
02382
02400
03738
06610
09626
09888
09911
09919
09988
09992
09999
#港股-虚拟现实
00400
00547
00700
01566
02382
08269
08280
#港股-物业管理
00108
00606
00798
00816
00873
00982
01153
01209
01417
01502
01516
01538
01755
01778
01895
01922
01941
01965
01971
01995
02080
02107
02146
02156
02165
02168
02205
02207
02210
02215
02270
02310
02340
02352
02376
02602
02669
02869
03316
03319
03658
03662
03913
06049
06093
06098
06626
06666
06668
06677
06958
06989
08181
08426
09608
09666
09909
09916
09928
09979
09983
#港股-辅助生殖
00557
00853
01143
01513
01951
02170
02196
02348
#港股-餐饮连锁
00052
00126
00156
00226
00341
00508
00520
00538
00573
00657
00703
00831
01007
01181
01210
01314
01443
01488
01632
01703
01843
01869
01978
02108
02150
02217
03666
06811
06862
08056
08096
08120
08213
08232
08300
08367
08371
08412
08428
08432
08447
08475
08493
08495
08510
08519
08527
09869
09922
09987
#港股-回港中概
00013
01179
02015
02057
02390
02391
02423
02518
06160
06638
06686
09618
09626
09688
09698
09866
09868
09888
09896
09898
09901
09961
09987
09988
09991
09999
#港股-肝炎概念
00460
00690
00867
00874
01177
01513
01558
01672
01763
02137
02196
02257
02348
02552
02696
03692
06160
06855
#港股-知名公司
00001
00004
00005
00006
00011
00027
00066
00069
00116
00127
00144
00151
00163
00168
00169
00175
00220
00241
00258
00285
00293
00305
00322
00337
00386
00388
00390
00520
00631
00656
00700
00708
00728
00751
00753
00762
00763
00772
00780
00788
00921
00939
00941
00960
00973
00980
00981
00992
00998
01024
01038
01055
01060
01070
01109
01113
01114
01128
01177
01262
01299
01357
01361
01368
01458
01528
01638
01658
01672
01766
01797
01810
01918
01929
01980
02007
02015
02018
02020
02051
02196
02202
02238
02269
02318
02319
02331
02378
02390
02423
02518
02777
02888
03333
03396
03690
03700
03883
03888
03900
03968
03988
03998
06060
06098
06160
06186
06666
06690
06808
06862
06896
06993
09618
09626
09633
09696
09699
09866
09868
09888
09896
09898
09899
09901
09961
09988
09992
09999
#港股-绿色电力
00836
00902
00916
00991
01071
01798
01799
01811
02208
02380
02688
03868
06865
#港股-自贸港
00144
00165
00316
00560
00598
01138
01199
01919
02255
02343
02777
02866
02880
03369
03382
06198
08502
#港股-创新药
01011
01093
01177
01672
01681
01801
02005
02186
02196
02269
02607
06160
#港股-煤炭概念
00061
00065
00276
00639
00645
00704
00866
00975
01088
01171
01229
01277
01303
01393
01733
01738
01878
01898
02798
03668
03948
06885
08250
#港股-临界发电
00836
00902
01071
01072
01088
01133
02727
03996
#港股-紫光系
00365
00628
00763
00981
02239
03396
03888
#港股-消费电子
00040
00167
00176
00186
00259
00328
00370
00482
00751
00912
00927
01070
01123
01143
01747
02358
03882
06969
08005
08419
#港股-微创系
00853
02160
02172
02252
#港股-股份回购
00023
00166
00199
00213
00259
00289
00327
00354
00393
00489
00503
00517
00650
00656
00662
00697
00700
00726
00856
00881
00896
00897
00947
00983
01024
01061
01113
01137
01141
01177
01299
01382
01652
01672
01690
01691
01733
01810
01821
01830
01860
01897
01945
01986
02057
02096
02215
02257
02299
02319
02342
02373
02390
02418
03600
03669
03836
06069
06100
06600
06608
06699
06868
06889
06898
08439
09666
09960
09992
#港股-ChatGPT概念
00020
00700
00772
01357
01810
02390
02469
03611
03700
09618
09888
09988
09999
