#三板拟转A股
430014
430034
430161
430220
430222
430293
430369
430376
430428
430478
430485
430500
430515
430516
430556
430578
430607
430695
830779
830803
830851
830852
830859
830877
830885
830920
830974
831006
831053
831068
831074
831099
831137
831142
831187
831200
831237
831265
831275
831390
831394
831406
831415
831463
831510
831511
831513
831598
831627
831718
831827
831873
831884
831888
831929
831937
831978
831988
832007
832010
832056
832063
832075
832077
832093
832119
832149
832213
832257
832334
832344
832347
832350
832372
832390
832398
832432
832567
832645
832749
832786
832800
832853
832862
832898
832954
832958
832978
832982
832989
832992
833024
833030
833105
833120
833197
833205
833300
833332
833374
833408
833478
833491
833505
833585
833640
833682
833694
833711
833836
833839
833896
833937
833972
833988
834044
834114
834166
834261
834282
834376
834408
834410
834418
834489
834549
834607
834684
834729
834770
834793
834815
834892
834915
834948
835017
835068
835193
835208
835223
835300
835359
835401
835409
835425
835438
835446
835476
835532
835595
835637
835654
835681
835723
835755
835787
835800
835849
836027
836090
836106
836109
836179
836208
836261
836312
836346
836399
836419
836422
836455
836479
836514
836619
836625
836665
836679
836717
836742
836780
836800
836809
836888
836903
836944
836972
837044
837078
837090
837134
837174
837261
837273
837341
837353
837403
837506
837567
837601
837611
837654
837663
837747
837748
837819
837891
837935
837979
838053
838162
838388
838394
838526
838536
838547
838564
838641
838790
838795
838798
839036
839089
839120
839123
839164
839273
839295
839355
839438
839463
839559
839583
839605
839629
839719
839792
839796
839826
839874
839951
870040
870046
870264
870382
870432
870512
870536
870608
870624
870656
870790
870840
870892
870972
870979
871037
871084
871129
871181
871326
871329
871392
871417
871424
871529
871540
871626
871691
871694
871728
871840
871870
871992
872093
872230
872320
872333
872337
872496
872516
872632
872668
872677
872709
872748
872759
872869
872895
872952
872958
873006
873033
873043
873083
873167
873253
873331
873420
873425
873437
873459
873520
#三板新进挂牌(近1个月)
400157
873740
873826
873829
873843
873851
873852
873856
873857
873867
873877
873878
873879
873905
873907
873908
873910
873928
873943
873948
873964
873965
873971
873976
873982
873998
873999
874003
874017
874030
874033
874037
874040
874041
#三板最近成交活跃
430335
830899
830978
834703
834793
839432
872262
872272
872391
873205
#三板专精特新
430009
430017
430075
430076
430276
430324
430359
430391
430394
430408
430428
430513
430539
430553
430560
430590
430663
430716
430732
430748
430755
830803
830809
830813
830818
830821
830824
830852
830857
830883
830902
830994
831048
831081
831187
831207
831212
831244
831260
831287
831309
831376
831378
831387
831394
831396
831406
831463
831474
831546
831564
831565
831577
831584
831593
831598
831619
831658
831677
831710
831724
831827
831844
831846
831935
831945
831994
832007
832047
832049
832060
832063
832075
832094
832107
832155
832208
832234
832291
832315
832394
832437
832447
832499
832522
832534
832601
832620
832651
832665
832685
832780
832834
832954
832978
832980
832982
833063
833073
833136
833165
833186
833211
833243
833394
833408
833423
833455
833467
833534
833574
833640
833675
833678
833682
833700
833707
833711
833719
833751
833804
833835
833887
833960
833972
834040
834042
834045
834065
834134
834162
834166
834217
834261
834298
834377
834399
834404
834407
834469
834486
834534
834552
834591
834707
834915
835017
835370
835391
835438
835492
835532
835579
835595
835634
835680
835692
835773
835792
835911
836277
836419
836455
836552
836560
836679
836703
836797
836861
836883
836898
836903
836913
836946
836949
836967
837044
837210
837363
837393
837455
837581
837601
837654
837664
837668
837819
837823
837891
838082
838133
838172
838213
838388
838426
838451
838460
838486
838558
838587
838593
838624
838632
838804
838811
838837
838878
838939
838949
839073
839148
839161
839180
839187
839224
839273
839291
839341
839507
839587
839589
839681
839719
839732
839786
839792
839805
839826
839894
870014
870154
870170
870264
870292
870381
870426
870548
870583
870637
870757
870774
870781
870797
870952
871037
871064
871229
871329
871415
871478
871564
871645
871757
871769
871827
871847
871849
871870
871874
871897
872049
872145
872200
872230
872303
872307
872313
872320
872337
872355
872400
872461
872476
872511
872538
872559
872562
872573
872609
872636
872709
872726
872741
872787
872799
872816
872836
872895
872910
872921
872952
872958
872967
873111
873151
873233
873309
873320
873322
873363
873378
873391
873425
873462
873553
873575
#三板成指成份股
430005
430009
430014
430019
430021
430025
430034
430037
430038
430046
430051
430052
430053
430056
430057
430062
430064
430073
430075
430076
430081
430084
430091
430094
430097
430105
430124
430148
430149
430159
430161
430163
430165
430168
430172
430174
430179
430193
430208
430211
430215
430216
430217
430220
430222
430223
430224
430229
430236
430253
430258
430269
430273
430274
430276
430286
430292
430293
430304
430305
430318
430320
430324
430330
430334
430335
430336
430338
430341
430344
430346
430356
430358
430359
430369
430372
430375
430376
430377
430382
430385
430387
430391
430393
430408
430422
430428
430432
430455
430459
430460
430461
430468
430470
430472
430482
430485
430493
430496
430497
430500
430508
430513
430514
430515
430516
430521
430529
430539
430542
430547
430549
430552
430555
430566
430570
430573
430578
430579
430582
430590
430592
430601
430602
430607
430620
430622
430623
430630
430638
430646
430653
430659
430663
430675
430676
430690
430695
430719
430724
430732
430753
430755
830769
830774
830778
830781
830782
830803
830810
830813
830821
830825
830827
830828
830829
830830
830833
830837
830849
830851
830852
830855
830859
830860
830882
830885
830894
830899
830902
830913
830918
830920
830921
830923
830933
830936
830938
830939
830944
830949
830966
830976
830978
830980
830983
830988
830990
830993
830995
830996
830999
831009
831014
831019
831021
831025
831034
831036
831049
831053
831057
831063
831067
831068
831074
831075
831078
831081
831083
831085
831092
831096
831099
831101
831107
831118
831129
831131
831132
831133
831140
831144
831149
831159
831175
831176
831184
831185
831187
831193
831200
831201
831203
831207
831212
831228
831235
831236
831237
831244
831248
831253
831255
831269
831276
831282
831284
831287
831297
831299
831306
831308
831311
831313
831318
831321
831323
831325
831327
831330
831337
831343
831345
831357
831373
831376
831380
831382
831387
831389
831391
831395
831396
831397
831398
831399
831401
831402
831406
831415
831416
831428
831433
831464
831467
831474
831490
831492
831510
831511
831513
831519
831527
831529
831546
831562
831564
831565
831566
831577
831583
831588
831589
831591
831598
831599
831601
831611
831614
831619
831621
831626
831633
831638
831640
831642
831643
831658
831661
831662
831663
831669
831672
831691
831693
831698
831701
831708
831709
831710
831711
831714
831718
831719
831724
831727
831730
831732
831737
831742
831755
831756
831767
831793
831798
831828
831844
831846
831852
831854
831860
831866
831873
831879
831884
831888
831892
831922
831924
831929
831934
831937
831940
831943
831945
831957
831969
831978
831988
831991
831992
831994
831999
832001
832003
832007
832008
832010
832013
832014
832017
832018
832021
832028
832032
832038
832041
832043
832047
832049
832050
832056
832060
832063
832069
832077
832081
832093
832094
832107
832113
832114
832126
832133
832134
832139
832141
832151
832175
832176
832178
832185
832189
832196
832208
832213
832214
832223
832230
832236
832239
832246
832251
832255
832266
832267
832270
832280
832281
832283
832285
832291
832292
832298
832309
832316
832326
832327
832337
832357
832359
832372
832377
832389
832390
832391
832394
832395
832397
832398
832399
832402
832415
832423
832432
832445
832449
832459
832465
832469
832476
832479
832496
832499
832502
832506
832511
832522
832528
832532
832537
832547
832554
832555
832558
832567
832568
832571
832586
832620
832629
832634
832641
832642
832645
832646
832651
832652
832653
832655
832665
832670
832684
832685
832694
832695
832699
832705
832710
832714
832715
832725
832727
832730
832736
832737
832738
832754
832763
832773
832780
832783
832789
832790
832792
832814
832816
832828
832834
832836
832839
832848
832850
832852
832853
832859
832861
832879
832888
832894
832896
832902
832911
832912
832914
832915
832920
832924
832927
832929
832950
832954
832956
832966
832968
832970
832971
832978
832989
832992
833024
833033
833035
833037
833044
833047
833063
833069
833077
833098
833105
833110
833118
833120
833124
833137
833146
833151
833153
833158
833159
833160
833162
833165
833176
833179
833183
833186
833189
833197
833204
833205
833225
833239
833243
833248
833255
833269
833279
833284
833286
833290
833302
833306
833310
833319
833332
833334
833339
833341
833355
833370
833374
833378
833386
833423
833430
833440
833442
833457
833458
833465
833468
833476
833477
833482
833491
833492
833499
833503
833524
833526
833532
833534
833539
833559
833572
833574
833585
833586
833608
833611
833613
833629
833631
833640
833653
833654
833658
833663
833665
833675
833678
833703
833713
833727
833737
833741
833746
833751
833753
833764
833772
833778
833783
833784
833786
833804
833824
833835
833836
833839
833849
833855
833864
833881
833901
833903
833921
833925
833928
833930
833960
833966
833984
833988
833998
834002
834010
834019
834037
834043
834044
834045
834046
834063
834065
834069
834072
834081
834082
834105
834132
834146
834151
834156
834162
834179
834195
834202
834205
834209
834217
834223
834253
834260
834276
834277
834281
834282
834290
834293
834295
834296
834315
834316
834327
834335
834342
834344
834345
834347
834376
834387
834397
834402
834404
834406
834408
834410
834414
834418
834422
834425
834428
834440
834443
834468
834469
834476
834489
834498
834517
834520
834528
834534
834538
834539
834540
834548
834549
834558
834561
834567
834572
834584
834585
834587
834588
834591
834594
834616
834618
834621
834630
834648
834672
834678
834679
834683
834685
834686
834687
834693
834701
834702
834703
834713
834718
834720
834727
834729
834738
834741
834743
834762
834777
834791
834793
834794
834795
834797
834802
834803
834812
834815
834849
834851
834863
834866
834874
834882
834896
834898
834914
834916
834919
834920
834927
834928
834938
834948
834952
834956
834965
834990
835011
835015
835020
835031
835033
835034
835037
835051
835068
835074
835084
835086
835092
835094
835106
835133
835136
835141
835152
835192
835193
835196
835208
835222
835234
835244
835256
835257
835262
835269
835272
835281
835283
835287
835291
835300
835314
835342
835347
835354
835363
835391
835395
835409
835415
835421
835425
835431
835438
835446
835450
835452
835454
835461
835473
835483
835495
835496
835505
835512
835513
835521
835532
835538
835539
835544
835558
835567
835590
835595
835599
835609
835637
835654
835665
835667
835679
835680
835681
835688
835690
835692
835698
835721
835729
835735
835737
835755
835787
835788
835792
835798
835800
835834
835839
835849
835850
835852
835853
835856
835859
835860
835872
835888
835911
835914
835927
835940
835948
835960
835961
835963
835979
835983
835987
835995
836008
836012
836014
836024
836027
836028
836030
836033
836036
836047
836050
836052
836081
836090
836108
836109
836113
836127
836179
836183
836186
836189
836190
836193
836209
836228
836232
836234
836248
836249
836253
836254
836261
836266
836275
836287
836297
836333
836346
836377
836399
836409
836419
836455
836460
836464
836475
836479
836491
836509
836514
836521
836531
836547
836552
836575
836584
836589
836590
836597
836602
836619
836641
836645
836649
836650
836660
836665
836668
836674
836679
836688
836690
836692
836708
836734
836742
836770
836777
836780
836786
836800
836805
836809
836810
836818
836823
836825
836831
836834
836836
836847
836858
836859
836866
836867
836870
836874
836888
836903
836908
836910
836913
836915
836930
836935
836941
836944
836949
836954
836961
836964
836972
837003
837006
837009
837012
837014
837022
837023
837033
837035
837062
837072
837073
837083
837085
837090
837138
837157
837174
837178
837181
837189
837193
837217
837226
837228
837232
837254
837273
837276
837287
837302
837320
837324
837326
837334
837345
837353
837368
837372
837375
837392
837393
837403
837422
837429
837430
837453
837485
837491
837492
837506
837510
837512
837526
837544
837555
837561
837567
837576
837593
837601
837611
837638
837641
837646
837651
837666
837694
837695
837699
837704
837747
837758
837761
837784
837796
837833
837835
837837
837840
837851
837856
837877
837891
837892
837893
837899
837919
837929
837934
837935
837936
837940
837941
837955
837961
837979
837982
837986
837998
838033
838075
838082
838093
838122
838140
838146
838161
838162
838168
838172
838176
838192
838196
838214
838246
838248
838282
838293
838319
838334
838355
838357
838364
838369
838381
838404
838409
838410
838418
838428
838443
838460
838463
838464
838476
838481
838518
838536
838537
838547
838549
838558
838561
838564
838566
838570
838571
838587
838593
838606
838624
838641
838651
838659
838661
838665
838691
838694
838696
838708
838714
838753
838758
838775
838795
838798
838801
838802
838804
838807
838813
838823
838849
838856
838858
838878
838883
838893
838898
838903
838910
838927
838934
838939
838943
838952
838955
838956
838978
838980
838981
838982
838989
839009
839010
839024
839030
839031
839032
839036
839037
839038
839044
839067
839080
839084
839085
839086
839093
839099
839120
839121
839123
839142
839143
839163
839181
839182
839201
839202
839205
839206
839222
839224
839229
839232
839233
839255
839258
839264
839275
839281
839284
839295
839296
839306
839310
839312
839355
839367
839376
839387
839391
839418
839432
839438
839452
839463
839482
839484
839501
839503
839507
839509
839515
839520
839535
839540
839549
839568
839573
839574
839583
839605
839621
839622
839640
839655
839675
839679
839696
839697
839731
839732
839745
839750
839765
839768
839774
839796
839805
839808
839809
839813
839820
839821
839830
839834
839874
839879
839898
839904
839909
839926
839939
839944
839954
839966
839977
839984
839994
870005
870009
870016
870024
870029
870031
870037
870040
870046
870080
870086
870101
870102
870107
870111
870140
870141
870145
870157
870160
870164
870170
870213
870221
870225
870227
870229
870231
870233
870260
870264
870270
870281
870301
870309
870316
870336
870345
870355
870358
870370
870374
870381
870382
870417
870419
870420
870421
870472
870475
870482
870487
870488
870491
870507
870512
870520
870530
870536
870550
870551
870583
870592
870608
870614
870615
870618
870620
870625
870632
870637
870643
870669
870679
870693
870702
870711
870714
870724
870725
870727
870774
870777
870796
870800
870802
870821
870834
870840
870844
870847
870851
870869
870881
870889
870890
870892
870895
870909
870917
870931
870958
870968
870970
870984
870986
870992
870997
871023
871056
871082
871084
871091
871095
871097
871102
871122
871126
871163
871169
871172
871177
871181
871186
871198
871215
871230
871241
871248
871258
871272
871282
871295
871298
871308
871313
871314
871326
871329
871330
871342
871348
871354
871366
871373
871392
871395
871410
871412
871417
871418
871429
871433
871444
871447
871453
871457
871481
871487
871529
871540
871547
871556
871582
871583
871621
871633
871636
871644
871645
871655
871656
871690
871691
871710
871728
871739
871741
871748
871757
871791
871823
871824
871833
871840
871856
871866
871874
871879
871884
871888
871892
871912
871920
871923
871927
871934
871937
871942
871951
871954
871968
871994
872013
872014
872044
872049
872061
872068
872076
872085
872089
872093
872094
872099
872102
872103
872109
872123
872131
872139
872145
872149
872161
872165
872166
872169
872170
872174
872186
872199
872200
872204
872206
872211
872217
872238
872242
872244
872248
872250
872256
872262
872267
872284
872297
872301
872324
872325
872328
872333
872337
872340
872341
872345
872369
872373
872377
872379
872386
872401
872405
872417
872423
872430
872440
872471
872476
872477
872490
872495
872496
872504
872505
872507
872511
872515
872516
872522
872538
872539
872562
872568
872572
872583
872595
872598
872610
872618
872641
872665
872668
872677
872685
872707
872709
872711
872720
872726
872735
872747
872748
872753
872757
872775
872776
872801
872816
872817
872845
872849
872868
872869
872873
872892
872896
872921
872931
872933
872946
872958
872967
872969
872978
872986
872987
873005
873021
873025
873027
873030
873033
873041
873047
873048
873053
873059
873069
873082
873087
873098
873100
873101
873110
873111
873116
873132
873135
873151
873199
873217
873219
873233
873241
873246
873261
873273
873278
873286
873293
873301
873312
873328
873331
873334
873335
873336
873337
873343
873352
873357
873359
873366
873373
873375
873378
873383
873391
873393
873399
873416
873418
873425
873427
873430
873433
873438
873445
873449
873459
873471
873495
873496
873498
873500
873502
873510
873513
873518
873549
873553
873556
873567
873575
873576
873577
873580
873586
873599
873605
873611
873612
873620
873636
873638
873639
873642
873665
873669
873670
873671
873673
873689
873690
873695
873698
873699
873701
873706
873709
873710
873712
873715
873718
873719
873721
873722
873723
873725
873732
873738
873741
873753
873757
873758
873759
873760
873761
873767
873772
873789
873796
873797
873798
873805
873807
873808
873813
873815
873816
873827
873828
873833
873837
873848
873866
873870
873881
873888
873893
#三板做市成份股
430021
430037
430038
430046
430051
430062
430075
430149
430163
430174
430208
430211
430222
430223
430236
430318
430330
430335
430356
430358
430372
430375
430377
430382
430385
430468
430485
430493
430496
430508
430515
430521
430555
430582
430622
430623
430630
430675
430755
830771
830810
830813
830827
830837
830855
830899
830921
830933
830936
830938
830944
830966
830978
830988
830990
831009
831019
831049
831068
831074
831075
831129
831207
831212
831287
831311
831513
831546
831562
831564
831565
831583
831601
831604
831626
831662
831663
831669
831698
831710
831711
831852
831873
831940
831945
832007
832028
832056
832077
832139
832151
832175
832189
832236
832251
832266
832280
832327
832390
832397
832399
832499
832522
832532
832555
832571
832586
832645
832699
832710
832859
832896
833146
833176
833183
833186
833205
833210
833290
833339
833442
833468
833586
833665
833713
833786
833960
833984
834082
834344
834410
834528
834534
834693
834793
834851
835033
835092
835272
835391
835483
835539
835692
835737
836052
836127
836346
836800
836964
837422
837485
837544
837638
838192
838641
838849
839573
839655
870381
872244
872726
873087
873445
873723
873761
#三板创新成指
430005
430009
430014
430021
430034
430046
430051
430062
430073
430075
430076
430161
430165
430174
430208
430211
430217
430220
430222
430223
430229
430236
430276
430293
430318
430330
430335
430356
430359
430369
430372
430375
430376
430377
430382
430385
430422
430428
430432
430455
430459
430485
430493
430496
430497
430513
430515
430516
430539
430552
430555
430566
430573
430578
430582
430592
430602
430607
430623
430630
430646
430653
430659
430675
430695
430724
430753
430755
830774
830779
830782
830809
830810
830813
830821
830825
830827
830828
830829
830830
830833
830837
830849
830851
830852
830855
830885
830896
830899
830920
830921
830933
830938
830944
830966
830978
830988
830993
831019
831034
831049
831053
831057
831063
831067
831068
831074
831075
831081
831083
831096
831099
831118
831129
831131
831140
831175
831187
831193
831200
831207
831212
831237
831244
831253
831255
831287
831297
831304
831311
831319
831387
831391
831395
831396
831397
831406
831415
831433
831467
831474
831492
831510
831511
831513
831519
831546
831564
831565
831566
831583
831589
831598
831599
831601
831614
831619
831621
831626
831638
831661
831662
831669
831672
831698
831708
831710
831711
831714
831718
831724
831727
831798
831827
831852
831860
831866
831873
831879
831888
831892
831929
831934
831937
831940
831994
831999
832007
832010
832014
832028
832041
832047
832049
832056
832060
832063
832077
832081
832093
832114
832126
832133
832134
832139
832151
832175
832189
832196
832230
832236
832246
832266
832267
832280
832283
832326
832327
832357
832389
832390
832391
832394
832397
832398
832399
832432
832469
832471
832476
832499
832511
832513
832522
832532
832555
832558
832571
832586
832620
832641
832645
832646
832651
832652
832684
832685
832694
832699
832705
832715
832727
832737
832763
832764
832780
832783
832789
832792
832814
832816
832836
832839
832859
832861
832888
832896
832902
832912
832915
832924
832929
832950
832954
832978
832992
833016
833024
833047
833063
833069
833098
833105
833137
833153
833160
833176
833179
833183
833186
833189
833197
833204
833205
833239
833243
833255
833279
833284
833302
833310
833319
833332
833339
833355
833374
833378
833394
833423
833442
833492
833532
833559
833572
833574
833585
833658
833663
833665
833713
833727
833741
833751
833753
833764
833778
833783
833786
833835
833836
833839
833881
833960
833966
833988
834019
834037
834044
834045
834046
834063
834072
834081
834082
834105
834151
834162
834179
834195
834209
834217
834276
834282
834290
834293
834295
834327
834335
834342
834376
834408
834410
834414
834418
834425
834428
834443
834468
834489
834520
834528
834534
834549
834616
834672
834678
834679
834685
834701
834703
834713
834720
834727
834743
834762
834793
834794
834795
834802
834803
834815
834866
834898
834916
834948
834952
834990
835017
835020
835033
835037
835068
835084
835092
835094
835106
835222
835223
835269
835281
835287
835291
835300
835354
835363
835391
835421
835425
835438
835446
835473
835483
835513
835532
835539
835567
835595
835599
835609
835654
835679
835680
835688
835690
835692
835735
835755
835849
835850
835852
835859
835888
835911
835960
835961
835963
835995
836012
836027
836028
836036
836052
836108
836127
836179
836190
836193
836209
836221
836249
836253
836261
836346
836419
836437
836451
836455
836464
836514
836521
836602
836619
836645
836649
836650
836660
836665
836668
836690
836717
836734
836742
836786
836800
836805
836809
836810
836818
836825
836831
836836
836858
836859
836870
836874
836888
836903
836930
836935
836944
836954
836961
836964
836972
837006
837009
837023
837033
837035
837062
837090
837174
837178
837181
837226
837232
837273
837305
837341
837375
837392
837403
837422
837485
837506
837510
837555
837567
837601
837638
837704
837747
837796
837833
837840
837851
837856
837891
837892
837899
837919
837920
837935
837941
837979
837998
838075
838168
838172
838192
838246
838260
838334
838410
838428
838463
838481
838547
838570
838571
838593
838624
838641
838651
838659
838665
838687
838694
838696
838714
838795
838798
838804
838837
838849
838858
838878
838893
838939
838952
838981
838982
839010
839030
839044
839085
839123
839181
839201
839222
839224
839229
839232
839255
839275
839310
839355
839418
839432
839438
839482
839503
839509
839515
839574
839583
839605
839679
839696
839719
839731
839750
839768
839796
839805
839809
839820
839821
839830
839874
839909
839939
839954
839994
870029
870046
870070
870102
870111
870140
870170
870225
870231
870301
870309
870358
870370
870381
870382
870417
870482
870487
870507
870512
870536
870551
870583
870608
870643
870669
870790
870821
870840
870844
870892
870895
870984
870992
870997
871082
871091
871095
871163
871169
871177
871258
871282
871298
871308
871314
871329
871330
871348
871354
871412
871417
871444
871481
871529
871540
871556
871655
871690
871694
871710
871757
871791
871823
871840
871866
871874
871927
871937
871942
871992
871994
872013
872044
872049
872131
872145
872149
872161
872186
872199
872200
872211
872242
872244
872247
872260
872320
872325
872333
872337
872345
872379
872417
872440
872476
872477
872495
872496
872504
872511
872515
872538
872539
872568
872572
872595
872610
872665
872668
872677
872709
872726
872747
872748
872757
872868
872869
872933
872958
872967
873027
873030
873033
873047
873048
873059
873069
873087
873100
873101
873110
873111
873116
873219
873233
873273
873286
873301
873331
873337
873359
873366
873378
873393
873425
873433
873445
873459
873498
873510
873513
873518
873549
873553
873575
873576
873577
873593
873599
873612
873620
873636
873638
873665
873670
873671
873673
873689
873690
873695
873699
873710
873712
873715
873718
873719
873721
873757
873772
873797
873798
873807
873827
873870
#北证50
430047
430090
430489
430510
830799
830832
830946
830964
831010
831305
831370
831445
831726
831768
831832
831961
832089
832278
832566
832735
832885
833454
833509
833523
833819
834021
834599
834682
835174
835185
835305
835368
835640
835670
836077
836239
836263
836433
836675
836720
836826
837092
837212
837344
839167
839680
839729
870436
871642
871981
#三板龙头
430223
430318
430335
430516
831131
831727
831873
832439
832974
833440
833486
833503
833737
833896
834179
834261
834335
834414
834489
834607
834616
834793
834896
835092
835222
835281
835483
835496
836208
836475
839024
839201
870046
870586
870618
870643
870890
870984
871710
871748
871892
872504
872757
872936
872987
873082
873234
873331
873705
873866
873893
#三板制造
430017
430075
430222
430276
430293
430328
430353
430391
430461
430479
430549
430552
430556
830840
830933
831085
831187
831193
831284
831330
831394
831554
831598
831724
831779
831827
832004
832126
832283
832423
832432
832447
832502
832602
832694
832770
832861
832982
832992
833047
833063
833331
833477
833559
833665
833727
833768
833839
833972
834298
834520
834713
834948
835421
835852
836342
836888
837181
837506
837529
837611
837638
837920
838168
838460
838790
839148
839341
839438
839732
839805
870301
870319
870780
870790
870859
870869
870976
871451
872017
872230
872320
872496
872740
873062
873337
873444
873553
873597
873612
873617
873638
873697
873735
873748
873753
873758
873791
873792
873831
873914
#三板服务
430021
430022
430046
430051
430052
430062
430066
430073
430076
430086
430161
430182
430191
430208
430229
430258
430330
430341
430368
430385
430408
430437
430467
430470
430495
430500
430547
430601
430630
430653
430664
430704
830864
830892
831021
831049
831071
831083
831101
831129
831175
831185
831225
831255
831287
831317
831334
831428
831546
831601
831691
831885
832013
832028
832107
832251
832642
832715
832722
832773
832800
832828
832950
832966
832973
833029
833030
833181
833251
833277
833339
833457
833465
833534
833614
833629
833694
833772
833804
833849
834045
834046
834063
834132
834156
834195
834218
834322
834327
834361
834376
834399
834470
834473
834534
834596
834791
834832
834911
835084
835152
835191
835287
835340
835471
835539
835737
835963
836036
836261
836333
836399
836491
836592
836610
836619
836858
836870
836885
836949
836996
837011
837014
837283
837579
837592
837619
837685
837718
837766
837907
837979
838075
838395
838408
838413
838470
838587
838758
838840
838897
838934
839005
839036
839038
839086
839483
839493
839497
839507
839509
839951
870005
870070
870111
870167
870221
870507
870654
870702
870706
870716
870840
871414
871481
871855
871920
872102
872139
872286
872289
872324
872434
872511
872516
872807
872811
872869
872953
872958
872997
873030
873100
873180
873373
873476
873588
873636
873680
873689
873696
873756
873767
873781
873786
873802
873818
873837
873870
873876
#三板医药
430017
430222
430353
430359
831057
831186
831187
831193
831207
831265
831793
831827
832126
832586
832780
832834
832982
833211
833464
833575
834298
834866
834915
835033
835037
835269
835541
835852
836342
836437
836547
838460
838641
839010
839732
870625
870859
871194
871392
871444
872017
872320
872334
872799
873549
873617
873735
873748
873821
873969
#三板消费
430223
430293
430370
430461
430566
430578
430666
430730
430733
830778
830828
830837
830877
830896
830923
830936
830944
831033
831116
831118
831211
831336
831476
831491
831710
831767
832050
832270
832432
832465
832479
832506
832558
832672
832730
832737
832836
832898
832912
832978
833016
833302
833319
833442
833515
833585
833663
833707
833737
833865
833866
833936
834044
834179
834260
834377
834425
834462
834476
834552
834630
834653
834683
834687
834729
834793
834794
834898
834956
834982
835050
835208
835244
835735
835833
835910
835948
836221
836232
836305
836374
836818
836823
836831
836867
837009
837012
837023
837070
837087
837143
837215
837368
837403
837491
837549
837581
837663
837666
837674
837831
837931
837955
838103
838158
838236
838243
838381
838504
838549
838558
838561
838649
838798
838807
838812
838858
838883
839024
839044
839206
839224
839295
839387
839463
839698
839808
839909
839953
870001
870122
870178
870223
870233
870284
870292
870359
870451
870618
870693
870727
870781
870814
870877
870879
870968
871138
871310
871654
871721
871748
871870
871927
871950
871954
871992
872006
872022
872037
872094
872117
872206
872249
872304
872325
872393
872420
872475
872560
872610
872658
872706
872767
872864
872940
872987
873087
873219
873344
873470
873482
873490
873498
873518
873523
873541
873580
873642
873652
873679
873682
873690
873702
873749
873773
873782
873809
873823
873838
873874
873888
#三板研发
430005
430017
430021
430046
430051
430052
430208
430223
430229
430276
430755
830809
830852
830978
831063
831129
831185
831201
831235
831265
831284
831317
831343
831394
831546
831710
831888
832010
832149
832292
832327
832397
832398
832568
832586
832646
832705
832715
832722
832800
832828
832852
832924
832950
833029
833030
833251
833534
833575
833612
833694
833719
833768
833839
833972
834081
834151
834156
834195
834295
834520
834678
834793
835737
835857
836342
836883
837011
837014
837567
838463
838758
839483
839493
839821
839951
870070
870355
870702
870790
870840
870958
871282
871392
871447
871828
872122
872516
872665
872801
873062
873083
873180
873444
873588
873638
873697
873718
873777
873806
#三板活跃
430005
430075
430208
430211
430276
430335
430513
430515
430755
830810
830852
830933
830978
831200
831888
832010
832175
832397
832399
832522
832586
832924
832950
832954
833069
833179
833499
834019
834082
834179
834534
834777
834793
835092
835391
836052
836193
837062
837567
837638
838570
839696
871056
871163
871314
871392
872211
872958
873359
873761
