0,127003,000861,2.990,2.000,111100.0000,2.09,3.89,20161216,110.0000,20220608,127003,53535.6700,20160701,51.81
0,128013,002325,2.310,2.000,120000.0000,1.62,3.00,20170206,108.0000,20220729,128013,78514.6100,20160823,34.57
1,113011,601818,3.550,2.000,3000000.0000,,4.62,20170918,105.0000,20230317,191011,2419886.5900,20170405,19.34
0,128014,002753,12.520,2.000,34000.0000,8.76,16.28,20171023,108.0000,20230417,128014,33698.5800,20170512,0.89
0,127004,000700,7.240,1.800,81366.0000,5.07,9.41,20171204,110.0000,20230602,127004,13110.9800,20170626,83.88
0,128015,002279,6.970,1.500,78000.0000,4.88,9.06,20171215,108.0000,20230608,128015,77923.1800,20170627,0.09
1,113013,601211,18.450,1.800,700000.0000,,23.99,20180108,105.0000,20230707,191013,699017.8000,20170724,0.14
1,113016,601127,16.960,1.800,150000.0000,11.87,22.05,20180511,106.0000,20231106,191016,20664.8400,20171121,86.22
0,128017,002597,21.330,1.500,60000.0000,14.93,27.73,20180807,106.0000,20231101,128017,55183.3700,20171127,8.03
1,113502,603822,44.640,1.800,18500.0000,31.25,58.03,20180517,108.0000,20231110,191502,18429.5100,20171127,0.38
1,110038,600566,23.400,6.000,84316.0000,11.70,29.25,20180517,106.0000,20221113,190038,63031.1500,20171129,25.24
0,123002,300388,8.360,1.500,59700.0000,5.85,10.87,20180530,106.0000,20231124,123002,25214.8900,20171225,57.76
0,128023,002284,10.340,1.800,100000.0000,7.24,13.44,20180608,108.0000,20231204,128023,99865.6900,20171226,0.13
0,128021,002562,5.190,1.500,70000.0000,3.63,6.75,20180604,106.0000,20231128,128021,26520.3200,20171227,62.11
0,128022,002707,7.920,1.500,70000.0000,5.54,10.30,20180607,106.0000,20231201,128022,45523.0000,20171228,34.97
0,128025,002728,13.150,1.500,35400.0000,9.21,17.10,20180612,106.0000,20231206,128025,29767.8500,20171228,15.91
0,128026,002772,11.360,1.800,92000.0000,7.95,14.77,20180619,106.0000,20231213,128026,40879.6000,20180103,55.57
1,113017,601929,2.230,1.500,156000.0000,1.56,2.90,20180702,106.0000,20231227,191017,113501.8500,20180115,27.24
0,128029,002078,8.450,1.500,120000.0000,5.92,10.99,20180628,106.0000,20221222,128029,90859.9700,20180116,24.28
0,123004,300197,3.820,1.500,110000.0000,2.67,4.97,20180622,106.0000,20231218,123004,80317.5800,20180126,26.98
0,128033,002658,8.260,1.500,52000.0000,5.78,10.74,20180703,106.0000,20231227,128033,29730.2300,20180129,42.83
0,128030,002100,7.400,1.800,100000.0000,5.18,9.62,20180628,108.0000,20231222,128030,8552.1900,20180129,91.45
0,128034,002807,4.140,1.300,200000.0000,,5.38,20180801,106.0000,20240126,128034,175811.3400,20180214,12.09
0,128035,002008,51.790,1.600,230000.0000,36.25,67.33,20180813,105.0000,20240206,128035,229958.5800,20180305,0.02
1,110043,600908,5.610,1.300,300000.0000,,7.29,20180806,106.0000,20240130,190043,292134.0700,20180314,2.62
1,113504,603989,20.810,1.800,69100.0000,14.57,27.05,20180910,106.0000,20240302,191504,46278.1700,20180323,33.03
1,113505,603618,7.080,1.800,78000.0000,4.96,9.20,20180912,108.0000,20240306,191505,74973.7800,20180327,3.88
0,128036,002548,6.930,1.800,65000.0000,4.85,9.01,20180917,106.0000,20240309,128036,14565.4300,20180402,77.59
0,127005,000783,7.130,1.800,500000.0000,,9.27,20180917,105.0000,20240312,127005,499641.9400,20180411,0.07
0,128037,002542,3.100,1.800,60366.0000,2.17,4.03,20180921,108.0000,20240315,128037,60228.2600,20180425,0.23
0,127006,000623,20.220,1.600,241300.0000,14.15,26.29,20180919,105.0000,20240313,127006,240722.6300,20180511,0.24
0,128039,002224,5.790,1.300,62000.0000,4.05,7.53,20181214,106.0000,20240608,128039,20240.9900,20180629,67.35
0,128040,002758,10.030,1.500,22400.0000,7.02,13.04,20181221,108.0000,20240614,128040,20062.4200,20180713,10.44
1,110044,600831,6.870,1.500,80000.0000,4.81,8.93,20190103,108.0000,20240627,190044,7076.1200,20180724,91.15
1,110045,600398,7.040,1.000,300000.0000,4.93,9.15,20190121,108.0000,20240713,190045,294962.0000,20180731,0.03
0,127007,000665,5.580,1.500,173359.2000,3.91,7.25,20190104,108.0000,20240628,127007,36994.8700,20180801,78.66
0,128041,002446,6.820,1.500,100000.0000,4.77,8.87,20190123,110.0000,20240717,128041,5293.6200,20180814,94.71
0,123011,300473,31.380,1.500,56470.6600,21.97,40.79,20190124,112.0000,20240718,123011,25060.2800,20180814,55.62
0,123010,300422,11.260,1.500,43000.0000,7.88,14.64,20190111,108.0000,20240705,123010,42959.8600,20180814,0.09
0,123013,300539,9.040,1.800,14000.0000,6.33,11.75,20190201,110.0000,20240726,123013,3796.7300,20180820,72.88
1,113516,603323,5.370,1.500,250000.0000,,6.98,20190211,110.0000,20240802,191516,128860.9700,20180820,48.46
0,123014,300407,8.050,1.500,34989.4800,5.64,10.47,20190211,106.0000,20230727,123014,11605.9500,20180821,66.83
0,123012,300057,5.270,1.500,95000.0000,3.69,6.85,20190128,106.0000,20240720,123012,12238.0100,20180829,87.12
0,128044,002717,3.430,1.500,66000.0000,2.40,4.46,20190220,107.0000,20240814,128044,65744.0900,20180904,0.39
0,123015,300297,5.790,1.500,53800.0000,4.05,7.53,20190218,108.0000,20240813,123015,10015.0900,20180913,81.38
0,128046,002258,12.800,1.500,85200.0000,8.96,16.64,20190423,108.0000,20241017,128046,77486.9700,20181109,9.04
0,128048,002839,4.530,1.500,250000.0000,,5.89,20190516,109.0000,20241112,128048,249704.1500,20181129,0.12
1,113519,603569,11.040,1.500,70000.0000,7.73,14.35,20190513,115.0000,20241107,191519,69611.3300,20181130,0.56
1,110047,600567,3.300,1.500,230000.0000,2.31,4.29,20190527,113.0000,20241121,190047,224613.1900,20181210,2.34
0,128049,002787,7.370,1.500,40000.0000,5.16,9.58,20190603,110.0000,20241127,128049,36314.3900,20181220,9.21
1,110048,600483,7.850,1.500,283000.0000,5.50,10.21,20190614,109.0000,20241207,190048,127622.3600,20181228,54.90
1,113524,603677,13.680,1.500,33000.0000,9.58,17.78,20190621,113.0000,20241214,191524,32980.1000,20190107,0.06
1,113525,603055,7.780,1.500,53300.0000,5.45,10.11,20190621,110.0000,20241217,191525,18536.9200,20190111,65.22
0,123018,300381,8.250,1.500,66496.7700,5.78,10.73,20190626,110.0000,20241220,123018,5423.8200,20190123,91.84
1,113526,603797,5.920,1.500,39000.0000,4.14,7.70,20190729,106.0000,20250123,191526,19299.7500,20190218,50.51
1,113527,603518,9.750,1.500,74600.0000,6.83,12.68,20190730,115.0000,20250124,191527,28633.7500,20190219,61.62
0,128053,002551,4.880,1.500,75000.0000,3.42,6.34,20190821,110.0000,20250214,128053,19007.0000,20190307,74.66
1,113021,601998,6.730,2.300,4000000.0000,,8.75,20190911,111.0000,20250304,191021,3999966.4900,20190319,0.00
0,128056,002863,6.690,1.800,36800.0000,4.68,8.70,20190906,115.0000,20250228,128056,17224.7400,20190322,53.19
1,110052,600996,7.940,1.700,160000.0000,5.56,10.32,20190911,113.0000,20250305,190052,142182.9100,20190329,11.14
1,110053,600919,6.370,2.300,2000000.0000,,8.28,20190920,111.0000,20250314,190053,1999924.5700,20190403,0.00
1,110055,600197,16.410,1.500,87600.0000,11.49,21.33,20190923,110.0000,20250315,190055,24359.2600,20190404,72.19
0,123022,300088,6.050,1.500,123000.0000,4.24,7.87,20190923,110.0000,20250318,123022,25632.5300,20190410,79.16
1,110056,600487,14.950,1.500,173300.0000,10.47,19.44,20190925,110.0000,20250319,190056,171009.5700,20190416,1.32
0,123023,300335,6.890,1.500,60000.0000,4.82,8.96,20190927,110.0000,20250320,123023,52936.3600,20190416,11.77
1,113530,603081,16.300,1.500,63000.0000,11.41,21.19,20191002,116.0000,20250327,191530,62976.6000,20190418,0.04
0,123025,300567,49.370,1.500,37500.0000,34.56,64.18,20191008,112.0000,20250329,123025,30864.6700,20190419,17.69
0,128062,002370,16.250,1.500,96500.0000,11.38,21.13,20191009,115.0000,20250402,128062,96198.4400,20190424,0.31
1,113532,603817,7.630,1.500,46000.0000,5.34,9.92,20191009,108.0000,20250402,191532,45856.3000,20190424,0.31
0,128063,002631,8.640,2.500,63000.0000,6.05,11.23,20191011,120.0000,20250403,128063,62935.2600,20190424,0.10
1,113024,601611,9.700,1.500,299625.0000,6.79,12.61,20191014,105.0000,20250408,191024,299537.9500,20190426,0.03
1,113534,603876,15.180,1.500,125400.0000,10.63,19.73,20191015,110.0000,20250409,191534,40380.5900,20190430,67.80
1,110057,600420,9.790,1.500,161594.0000,6.85,12.73,20191008,106.0000,20250401,190057,161550.8000,20190430,0.03
0,127012,001965,8.630,0.800,500000.0000,6.04,11.22,20190930,105.0000,20250322,127012,499982.2100,20190430,0.00
1,113025,601677,7.660,1.500,183911.0000,5.36,9.96,20191016,110.0000,20250410,191025,101480.7900,20190507,44.82
1,110058,600105,5.040,1.500,98000.0000,3.53,6.55,20191022,110.0000,20250416,190058,26103.7200,20190508,73.36
0,128066,002811,9.270,1.500,48000.0000,6.49,12.05,20191023,112.0000,20250417,128066,47956.0900,20190514,0.09
0,127013,000810,11.190,1.500,104000.0000,7.83,14.55,20191019,113.0000,20250415,127013,97728.8200,20190516,6.03
1,113535,603278,12.290,1.500,50000.0000,8.60,15.98,20191115,110.0000,20240509,191535,49961.4000,20190603,0.08
0,123027,300487,29.030,1.300,34000.0000,20.32,37.74,20191217,113.0000,20250611,123027,10675.5000,20190704,68.60
1,113537,603348,19.280,1.200,80000.0000,13.50,25.06,20191214,115.0000,20250610,191537,14051.5900,20190705,82.44
1,113027,601020,10.170,1.000,64000.0000,7.12,13.22,20191220,110.0000,20250614,191027,23876.5700,20190710,62.69
0,128069,002907,18.010,1.000,30000.0000,12.61,23.41,20191230,115.0000,20250624,128069,29934.9000,20190711,0.22
0,128070,002877,9.470,1.200,23000.0000,,12.31,20200108,112.0000,20250702,128070,22958.7100,20190723,0.18
1,113541,603165,10.840,1.000,33000.0000,7.59,14.09,20200129,110.0000,20250723,191541,15002.5100,20190813,54.54
1,113542,603898,16.140,1.000,63000.0000,11.30,20.98,20200207,110.0000,20250801,191542,60272.0100,20190823,4.33
0,123029,300677,5.550,2.600,47000.0000,3.89,7.22,20200224,128.0000,20250816,123029,256.4700,20190910,99.45
0,128073,002615,5.700,1.000,30000.0000,3.99,7.41,20200228,112.0000,20240822,128073,29874.7900,20190911,0.42
0,128072,002842,15.190,1.000,30192.2300,10.63,19.75,20200226,110.0000,20250820,128072,30179.5500,20190916,0.04
0,128071,002228,4.180,1.000,59575.0000,2.93,5.43,20200224,110.0000,20250816,128071,29993.3600,20190916,49.65
0,123031,300655,10.660,1.000,18500.0000,7.46,13.86,20200305,111.0000,20250829,123031,5300.5000,20190926,71.35
0,128074,002174,16.970,1.000,115000.0000,11.88,22.06,20200327,115.0000,20250923,128074,68249.3600,20191021,40.65
0,128075,002406,5.290,1.000,89370.0000,3.70,6.88,20200327,110.0000,20250923,128075,54379.3100,20191031,39.15
1,113545,603113,10.430,1.000,150000.0000,7.30,13.56,20200418,110.0000,20251014,191545,98658.7500,20191107,34.23
0,128076,002722,14.660,1.000,21400.0000,10.26,19.06,20200420,110.0000,20251014,128076,21374.0200,20191108,0.12
0,128078,002368,22.210,1.000,100000.0000,15.55,28.87,20200427,112.0000,20251021,128078,95993.5700,20191108,4.01
1,110059,600000,13.970,1.500,5000000.0000,,18.16,20200504,110.0000,20251028,190059,4999865.1500,20191115,0.00
0,127014,000065,7.860,1.000,57821.0000,5.50,10.22,20200430,110.0000,20251024,127014,53444.2000,20191121,7.57
0,128079,002846,8.290,1.000,21400.0000,5.80,10.78,20200427,112.0000,20251021,128079,15200.9900,20191121,28.97
1,113546,603320,14.000,1.200,22993.0000,9.80,18.20,20200429,115.0000,20251023,191546,22968.3900,20191121,0.11
1,113548,603688,14.930,1.200,36000.0000,10.45,19.41,20200501,118.0000,20251028,191548,10203.4500,20191122,71.66
0,123034,300265,7.950,1.000,29700.0000,5.57,10.34,20200508,113.0000,20251104,123034,7786.3100,20191128,73.78
1,110060,600326,7.080,1.000,108698.8000,4.96,9.20,20200502,110.0000,20251028,190060,70626.1200,20191128,35.03
1,110061,600674,9.200,1.000,400000.0000,6.44,11.96,20200515,106.0000,20251111,190061,396156.2700,20191202,0.96
0,123035,300296,6.960,1.000,80000.0000,4.87,9.05,20200520,110.0000,20251114,123035,79877.5300,20191209,0.15
1,113549,603861,9.060,1.000,88000.0000,6.34,11.78,20200521,110.0000,20251115,191549,80473.5600,20191211,8.55
0,128081,002203,9.690,1.000,315000.0000,6.78,12.60,20200527,110.0000,20251121,128081,300549.5100,20191216,4.59
1,113552,603960,19.780,1.200,18000.0000,13.85,25.71,20200608,112.0000,20200807,191552,0.8700,20191219,97.94
1,110062,600498,22.850,1.000,308835.0000,16.00,29.71,20200608,106.0000,20251202,190062,308763.2600,20191225,0.02
0,128083,002376,11.450,1.000,87700.0000,8.02,14.89,20200618,110.0000,20251212,128083,87688.3900,20191231,0.01
0,128042,002823,10.090,1.500,41600.0000,7.06,13.12,20190203,112.0000,20240730,128042,41551.1200,20180903,0.12
1,110063,600567,3.260,0.900,186000.0000,2.28,4.24,20200619,111.0000,20251213,190063,184446.5400,20200103,0.84
0,128082,002806,9.130,1.400,35240.0000,6.39,11.87,20200610,115.0000,20251204,128082,20342.5400,20200106,42.27
0,128085,002002,3.910,1.000,242678.0000,2.74,5.08,20200622,118.0000,20251216,128085,33746.2800,20200108,86.09
0,128087,002083,4.460,1.000,65000.0000,3.12,5.80,20200623,108.0000,20251217,128087,64941.3800,20200116,0.09
1,110064,600939,4.530,1.000,166000.0000,3.17,5.89,20200629,113.0000,20251220,190064,126460.6500,20200116,23.82
0,128091,002873,11.620,1.400,17730.0000,8.13,15.11,20200706,113.0000,20251230,128091,15419.9300,20200117,13.03
1,113030,601515,6.400,1.000,29533.0000,4.48,8.32,20200630,112.0000,20251224,191030,29511.0900,20200120,0.07
0,123038,300545,24.070,1.100,20000.0000,16.85,31.29,20200701,113.0000,20251225,123038,14726.7800,20200122,26.37
0,123039,300577,29.920,1.200,22300.0000,20.94,38.90,20200702,115.0000,20251226,123039,22171.2200,20200123,0.58
0,128090,002510,4.230,1.000,47100.0000,2.96,5.50,20200703,110.0000,20251227,128090,30996.1300,20200123,34.19
0,127015,000876,19.750,0.800,400000.0000,13.83,25.68,20200709,106.0000,20260103,127015,94969.5800,20200204,76.26
1,113561,603089,10.080,1.200,29000.0000,7.06,13.10,20200707,112.0000,20251231,191561,14991.5200,20200210,48.31
1,113563,603368,23.870,1.000,80220.0000,16.71,31.03,20200722,108.0000,20260116,191563,80190.2400,20200224,0.04
0,128095,002812,64.920,1.000,160000.0000,45.44,84.40,20200817,110.0000,20260211,128095,45396.7700,20200228,71.63
1,113565,603336,7.640,1.000,33200.0000,5.35,9.93,20200903,112.0000,20260226,191565,22492.5600,20200316,32.25
0,128097,002614,10.390,1.000,120000.0000,7.27,13.51,20200902,110.0000,20260225,128097,45858.1400,20200318,61.78
1,113566,603499,10.770,1.200,20000.0000,7.54,12.92,20200907,118.0000,20260228,191566,16127.5200,20200331,19.36
1,113568,603667,8.750,1.200,33000.0000,6.13,11.38,20200914,118.0000,20260306,191568,24313.5600,20200402,26.32
1,113567,603617,10.580,1.200,21000.0000,7.41,13.75,20200910,113.0000,20260304,191567,19377.2500,20200403,7.73
1,113570,603331,11.340,1.000,28000.0000,7.94,14.74,20200917,110.0000,20260311,191570,27993.1900,20200408,0.02
1,113569,603660,14.800,1.000,51600.0000,10.36,19.24,20200914,115.0000,20260309,191569,51563.2800,20200408,0.07
0,128100,002503,1.620,1.000,80000.0000,1.13,2.11,20200918,112.0000,20260312,128100,79820.5300,20200409,0.22
1,110067,600909,6.220,0.600,280000.0000,,8.09,20200918,107.0000,20260312,190067,279950.9100,20200409,0.02
0,128101,002036,13.720,1.000,30000.0000,9.60,17.84,20200921,,20260316,128101,29946.3100,20200413,0.18
0,123045,300652,19.630,1.200,28850.0000,13.74,25.52,20200918,113.0000,20260312,123045,16599.4400,20200413,42.46
0,123044,300427,18.670,1.400,58500.0000,13.07,24.27,20200918,118.0000,20260312,123044,54959.0000,20200413,6.05
1,110068,600388,10.550,1.000,200000.0000,7.39,13.72,20200930,110.0000,20260324,190068,199969.6900,20200415,0.02
0,123046,300587,6.740,1.000,39900.0000,4.72,8.76,20200925,112.0000,20260319,123046,5855.2500,20200417,85.33
1,113033,601366,7.010,1.000,180000.0000,4.91,9.11,20201009,110.0000,20260401,191033,179979.5800,20200421,0.01
1,113574,603679,33.910,1.200,20880.0000,23.74,44.08,20201009,110.0000,20260331,191574,20874.2100,20200427,0.03
1,113575,603377,12.150,1.000,42800.0000,8.51,15.80,20201015,108.0000,20260409,191575,9841.9700,20200430,77.00
1,113576,603557,10.550,1.200,52000.0000,7.39,13.72,20201016,115.0000,20260410,191576,26583.5400,20200507,48.88
0,128106,002840,9.370,1.000,55000.0000,6.56,12.18,20201016,108.0000,20260410,128106,28926.5600,20200508,47.41
0,123048,300527,8.880,1.000,81893.0000,6.22,11.54,20201016,108.0000,20260410,123048,37914.3000,20200511,53.70
0,123049,300190,7.380,1.200,91724.0000,5.17,9.59,20201019,118.0000,20260413,123049,91698.6500,20200512,0.03
0,128105,002616,7.910,1.000,80000.0000,5.54,10.28,20201015,110.0000,20260409,128105,79952.4100,20200513,0.06
0,127016,000726,8.680,1.000,140000.0000,6.08,11.28,20201015,111.0000,20260409,127016,139985.8600,20200513,0.01
1,110070,600231,2.590,1.100,44000.0000,1.81,3.37,20201019,112.0000,20260413,190070,21708.8500,20200513,50.66
1,113577,603890,10.850,1.000,24000.0000,7.60,14.11,20201020,112.0000,20260414,191577,17775.0200,20200513,25.94
0,123050,300303,5.080,1.000,70469.0000,3.56,6.60,20201020,118.0000,20260414,123050,37459.9800,20200515,46.84
1,113578,603030,5.250,1.000,38400.0000,3.68,6.83,20201026,113.0000,20260420,191578,38380.7900,20200519,0.05
1,113573,603602,18.780,1.200,27000.0000,13.15,24.41,20201023,118.0000,20260417,191573,26983.2900,20200522,0.06
1,113579,603707,32.200,1.000,50319.0000,22.54,41.86,20201029,109.0000,20260423,191579,50250.3800,20200522,0.14
0,128107,002061,5.240,1.000,250000.0000,3.67,6.81,20201028,110.0000,20260422,128107,140794.6900,20200522,43.68
0,128108,002382,18.240,0.600,314404.0000,12.77,23.71,20201203,108.0000,20260528,128108,152162.2200,20200619,51.60
1,113582,603678,24.990,0.600,60000.0000,17.49,32.49,20201202,110.0000,20260527,191582,41773.5200,20200623,30.38
0,128109,002171,8.630,0.600,183000.0000,6.04,11.22,20201210,110.0000,20260604,128109,182255.5200,20200623,0.41
1,113584,603708,37.530,0.600,64500.0000,26.27,48.79,20201214,110.0000,20260605,191584,64493.5000,20200624,0.01
0,127017,000789,13.460,0.600,100000.0000,9.42,17.50,20201209,113.0000,20260603,127017,99959.5500,20200702,0.04
0,123052,300665,7.050,0.800,17700.0000,4.94,9.17,20201211,120.0000,20260605,123052,15038.8300,20200703,15.03
0,123054,300608,12.620,0.700,27100.0000,8.83,16.41,20201216,115.0000,20260610,123054,20732.1200,20200706,23.50
0,128111,002738,15.450,0.700,80000.0000,10.82,20.09,20201217,118.0000,20260611,128111,13682.3200,20200707,82.90
1,113585,603896,28.380,0.800,36000.0000,19.87,36.89,20201215,112.0000,20260609,191585,10032.2300,20200707,72.13
1,113588,603108,13.250,0.600,55000.0000,9.28,17.23,20201223,109.0000,20260617,191588,54988.6900,20200713,0.02
0,128114,002157,14.770,0.600,160000.0000,10.34,19.20,20201223,110.0000,20260617,128114,159612.8100,20200715,0.24
1,113589,603608,12.290,0.600,60000.0000,8.60,15.98,20210104,110.0000,20260624,191589,59959.7300,20200716,0.07
0,128117,002838,28.770,0.600,36000.0000,20.14,37.40,20210108,118.0000,20260702,128117,35988.8200,20200720,0.03
1,113591,603687,8.760,0.700,55000.0000,6.13,11.39,20210108,116.0000,20260701,191591,47750.1300,20200723,13.18
0,128116,002961,29.550,0.500,65000.0000,20.69,38.42,20210104,110.0000,20260629,128116,64919.9900,20200724,0.12
0,123056,300511,11.030,0.700,58500.0000,7.72,13.24,20210104,115.0000,20260624,123056,58400.5900,20200724,0.17
0,123057,300586,9.500,0.800,20674.0000,6.65,12.35,20210107,112.0000,20260701,123057,20654.3200,20200727,0.10
1,110071,600929,5.890,0.600,72000.0000,4.12,7.66,20210118,110.0000,20260710,190071,71973.6800,20200731,0.04
0,127018,000761,4.550,0.800,680000.0000,3.19,5.92,20210104,119.0000,20260629,127018,563107.1400,20200804,17.19
0,128118,002861,21.350,0.700,30000.0000,14.95,27.76,20210108,115.0000,20260702,128118,29983.5000,20200805,0.06
0,128121,002930,19.880,0.600,67000.0000,13.92,25.84,20210125,108.0000,20260717,128121,66986.1300,20200807,0.02
0,128119,002726,9.280,0.600,95000.0000,6.50,12.06,20210118,115.0000,20260713,128119,94609.1200,20200807,0.41
0,127019,000688,21.060,0.500,85000.0000,14.74,27.38,20210121,110.0000,20260715,127019,84978.9600,20200810,0.02
1,113593,603131,21.120,0.600,40000.0000,14.78,27.46,20210125,115.0000,20260720,191593,39981.2200,20200810,0.05
0,123059,300231,9.720,0.700,39140.0000,6.80,12.64,20210121,118.0000,20260715,123059,39124.5000,20200812,0.04
0,127020,000060,4.630,0.400,380000.0000,3.24,6.02,20210125,110.0000,20260720,127020,302280.0600,20200814,20.45
0,123062,300554,17.130,0.700,19500.0000,11.99,22.27,20210201,113.0000,20260727,123062,19477.0300,20200817,0.12
0,128122,002436,14.100,0.500,26890.0000,8.46,18.33,20210129,110.0000,20250723,128122,26856.9600,20200817,0.12
0,128120,002921,18.070,0.700,26000.0000,12.65,23.49,20210125,112.0000,20260717,128120,25996.2400,20200817,0.01
0,123060,300416,19.050,0.700,31000.0000,13.34,24.77,20210127,112.0000,20260721,123060,30963.0700,20200817,0.12
1,113037,601860,4.050,0.600,450000.0000,,5.27,20210129,110.0000,20260723,191037,449965.6100,20200817,0.01
0,123061,300424,14.850,0.800,25000.0000,10.40,19.31,20210128,118.0000,20260722,123061,24961.6000,20200818,0.15
1,113595,603007,6.920,0.800,33000.0000,4.84,9.00,20210127,116.0000,20260721,191595,32979.0500,20200818,0.06
0,128123,002749,13.490,0.700,32000.0000,9.44,17.54,20210201,110.0000,20260727,128123,31992.6600,20200819,0.02
0,128124,002022,21.310,0.500,73800.0000,14.92,27.70,20210203,106.0000,20260728,128124,73764.7200,20200820,0.05
0,123063,300021,4.850,0.600,63800.0000,3.40,6.31,20210203,120.0000,20260728,123063,63458.6900,20200820,0.53
1,113596,603887,24.260,0.600,120000.0000,16.98,31.54,20210204,108.0000,20260728,191596,119873.1600,20200820,0.11
1,110073,600061,9.900,0.400,800000.0000,,12.87,20210201,107.0000,20260724,190073,799934.2200,20200820,0.01
0,128125,002949,25.390,0.600,45000.0000,17.77,33.01,20210205,113.0000,20260730,128125,44982.7700,20200821,0.04
1,113597,603912,23.150,0.700,30000.0000,16.21,30.10,20210205,118.0000,20260730,191597,29845.1100,20200821,0.52
1,113598,603966,9.700,0.800,33000.0000,6.79,12.61,20210208,115.0000,20260731,191598,27526.1100,20200825,16.59
1,113594,603516,18.230,0.700,30000.0000,12.76,23.70,20210127,115.0000,20260721,191594,29975.4000,20200828,0.08
0,127021,000070,7.330,0.500,55000.0000,5.13,9.53,20210218,110.0000,20250807,127021,41596.4600,20200904,24.37
1,113599,603871,18.320,0.600,72000.0000,12.82,23.82,20210218,120.0000,20260805,191599,71961.4900,20200907,0.05
0,128127,002775,4.880,0.800,95000.0000,3.42,6.34,20210301,115.0000,20260820,128127,94932.7000,20200911,0.07
1,113600,603978,23.850,0.600,59500.0000,16.70,31.01,20210219,120.0000,20260813,191600,45330.8900,20200911,23.81
1,113601,603716,16.980,0.800,54331.0000,11.89,22.07,20210301,115.0000,20260821,191601,54290.9000,20200915,0.07
1,110072,600297,4.030,0.400,337000.0000,2.82,5.24,20210224,110.0000,20260818,190072,336685.4800,20200915,0.09
0,128128,002408,5.690,0.600,299000.0000,3.98,7.40,20210226,110.0000,20260820,128128,68047.7900,20200915,77.24
1,113039,601619,3.460,0.500,130000.0000,2.42,4.50,20210301,108.0000,20260824,191039,28845.7200,20200917,77.81
0,128130,002067,3.400,0.500,128000.0000,2.72,4.42,20210304,110.0000,20260831,128130,99868.1600,20200918,21.98
1,110074,600577,3.730,0.600,78700.0000,2.61,4.85,20210225,112.0000,20260819,190074,50963.4500,20200921,35.24
0,128129,002958,4.320,0.400,500000.0000,,5.62,20210301,108.0000,20260825,128129,499974.9000,20200918,0.01
1,113602,603228,27.400,0.600,178000.0000,19.18,35.62,20210301,108.0000,20260824,191602,177987.3800,20200922,0.01
0,123064,300482,52.000,0.500,60000.0000,36.40,67.60,20210308,110.0000,20260901,123064,59814.8300,20200923,0.31
0,123065,300246,36.630,0.700,21900.0000,25.64,36.63,20210311,115.0000,20260904,123065,21885.7900,20200924,0.06
0,128131,002815,19.380,0.600,140000.0000,13.57,25.19,20210311,110.0000,20260907,128131,139978.8600,20200928,0.02
0,128133,002287,29.790,0.600,80000.0000,20.85,38.73,20210329,112.0000,20260922,128133,79943.9700,20201027,0.07
0,128134,002541,43.510,0.500,188000.0000,30.46,56.56,20210415,110.0000,20261009,128134,157282.6700,20201102,16.34
1,113604,603528,10.400,0.600,64000.0000,7.28,13.52,20210419,110.0000,20261013,191604,63989.6700,20201117,0.02
1,110075,600029,6.240,0.400,1600000.0000,4.37,8.11,20210421,106.5000,20261015,190075,589643.8800,20201103,63.15
0,127022,000703,11.200,0.400,200000.0000,7.84,14.56,20210422,105.0000,20261016,127022,199983.0300,20201116,0.01
0,123067,300382,9.360,0.800,38800.0000,6.55,12.17,20210323,115.0000,20260917,123067,23978.1800,20201015,38.20
0,128132,002941,18.530,0.600,85000.0000,12.97,24.09,20210322,110.0000,20260915,128132,84894.3800,20201016,0.12
0,123070,300438,20.080,0.500,89000.0000,14.06,26.10,20210426,110.0000,20261020,123070,59354.7600,20201106,33.31
0,128135,002557,60.030,0.600,134000.0000,42.02,78.04,20210426,115.0000,20261020,128135,133986.3300,20201118,0.01
0,123072,300729,49.240,0.800,14200.0000,34.47,64.01,20210427,120.0000,20261021,123072,14191.4400,20201110,0.06
0,123071,300569,7.910,0.600,70000.0000,5.54,10.28,20210427,115.0000,20261021,123071,69427.4300,20201125,0.82
1,113605,603233,69.050,0.600,140500.0000,48.34,89.77,20210428,110.0000,20261022,191605,140490.3200,20201113,0.01
0,123073,300636,14.820,0.700,36000.0000,10.37,19.27,20210506,116.0000,20261026,123073,25818.2300,20201116,28.28
0,123075,300580,23.740,0.600,60000.0000,16.62,30.86,20210506,110.0000,20261102,123075,59967.6200,20201123,0.05
1,110076,600521,33.850,0.500,184260.0000,23.70,44.01,20210506,110.0000,20261102,190076,184244.0100,20201125,0.01
1,113606,603579,32.830,0.700,60000.0000,22.98,42.68,20210506,115.0000,20261030,191606,59988.8000,20201120,0.02
0,127024,000967,8.190,0.500,147619.0000,5.73,10.65,20210510,110.0000,20261104,127024,147610.6700,20201202,0.01
0,128136,002475,57.920,0.200,300000.0000,40.54,75.30,20210510,108.0000,20261103,128136,299933.3700,20201202,0.02
0,127025,000401,14.010,0.400,282000.0000,9.81,18.21,20210511,106.0000,20261105,127025,177645.8000,20201202,37.01
0,128137,002859,27.630,0.600,60000.0000,19.34,35.92,20210510,112.0000,20261104,128137,59940.7300,20201201,0.10
1,113608,603956,17.890,0.700,42000.0000,12.52,23.26,20210513,115.0000,20261109,191608,41998.5900,20201127,0.00
0,128138,002973,25.330,0.600,42000.0000,17.73,32.93,20210524,130.0000,20261117,128138,41991.2900,20201224,0.02
1,110077,600461,6.710,0.400,180000.0000,4.70,8.72,20210526,110.0000,20261120,190077,176770.4100,20201217,1.79
1,113609,603776,16.480,0.600,88648.0000,11.54,21.42,20210531,115.0000,20261124,191609,73420.2500,20201223,17.18
0,123076,300429,18.940,0.600,85000.0000,13.26,24.62,20210525,113.0000,20261119,123076,84985.6100,20201204,0.02
0,123077,300170,9.690,0.600,93715.0000,6.78,12.60,20210527,120.0000,20261123,123077,93675.6700,20201215,0.04
0,123080,300517,11.580,0.800,24500.0000,8.11,15.05,20210608,120.0000,20261202,123080,24352.1400,20201222,0.60
0,123082,300016,8.740,0.700,50000.0000,6.12,11.36,20210611,115.0000,20261207,123082,49930.4500,20201228,0.14
0,123078,300398,15.560,0.600,82500.0000,10.89,18.67,20210603,110.0000,20261127,123078,61841.1700,20201216,24.48
0,128140,002929,26.400,0.600,109000.0000,18.48,34.32,20210615,110.0000,20261207,128140,108964.2100,20201229,0.03
0,127026,000823,12.720,0.500,70000.0000,8.90,16.54,20210615,108.0000,20261208,127026,69971.2700,20210114,0.04
0,123083,300682,15.270,0.500,80000.0000,10.69,19.85,20210615,110.0000,20261209,123083,54830.5200,20210106,31.46
0,128139,002965,26.380,0.600,64701.0000,18.47,34.29,20210607,115.0000,20261201,128139,64691.8500,20201224,0.01
1,113610,603669,8.610,0.700,52500.0000,6.03,11.19,20210607,115.0000,20261201,191610,45794.7200,20201222,12.77
0,127027,000552,3.080,0.600,280000.0000,2.16,4.00,20210616,110.0000,20261210,127027,235702.5600,20210122,15.82
0,123084,300499,9.010,0.700,28000.0000,6.31,11.71,20210616,115.0000,20261210,123084,25424.4000,20210108,9.20
1,113044,601006,7.180,0.500,3200000.0000,5.03,8.62,20210618,108.0000,20261214,191044,3199904.1100,20210115,0.00
1,113043,601108,11.690,0.400,380000.0000,,15.20,20210616,106.0000,20261210,191043,379976.8400,20201228,0.01
0,128142,002946,18.470,0.500,71800.0000,12.93,24.01,20210624,110.0000,20261218,128142,71797.8500,20210119,0.00
0,123085,300057,6.200,0.600,90000.0000,4.34,8.06,20210617,108.0000,20261211,123085,84949.0700,20201228,5.61
0,123086,300065,7.270,0.600,73000.0000,5.09,9.45,20210617,118.0000,20261211,123086,43511.2800,20210208,40.40
0,123087,300739,16.320,0.800,67300.0000,9.79,21.22,20210621,115.0000,20261215,123087,41892.6200,20210105,37.75
0,123088,300707,20.720,0.700,30138.0000,14.50,26.94,20210621,115.0000,20261215,123088,30117.9500,20210106,0.07
0,128141,002034,15.970,0.500,140000.0000,11.18,20.76,20210623,110.0000,20261217,128141,127018.8800,20210118,9.27
0,123089,300040,5.680,0.600,50000.0000,3.98,7.38,20210625,115.0000,20261221,123089,30624.2800,20210108,38.75
0,123090,300298,35.180,0.500,50000.0000,24.63,45.73,20210625,112.0000,20261221,123090,49996.9400,20210112,0.01
0,123091,300196,16.140,0.600,55000.0000,11.30,20.98,20210629,111.0000,20261223,123091,54976.1700,20210115,0.04
1,113615,603979,12.650,0.600,100000.0000,8.86,16.45,20210629,112.0000,20261223,191615,86624.5800,20210114,13.38
0,123092,300332,5.190,0.700,42300.0000,3.63,6.75,20210630,115.0000,20261224,123092,41421.6500,20210115,2.08
1,110802,603997,,,,,,,,,,,,
1,110801,603997,,,,,,,,,,,,
1,113616,603501,222.520,0.400,244000.0000,155.76,289.28,20210705,110.0000,20261228,191616,243355.7600,20210122,0.26
0,127028,000411,13.220,0.500,60000.0000,9.25,17.19,20210712,108.0000,20270105,127028,59825.4700,20210310,0.29
0,128143,002931,12.730,0.700,24500.0000,8.91,16.55,20210714,115.0000,20270108,128143,24437.6200,20210129,0.25
1,113618,603538,37.230,0.600,52000.0000,26.06,48.40,20210720,110.0000,20270114,191618,47729.0200,20210204,8.21
0,123093,300651,49.190,0.800,25000.0000,34.43,63.95,20210726,120.0000,20270119,123093,24998.3100,20210218,0.01
1,113619,603920,19.920,0.600,100000.0000,13.94,25.90,20210726,110.0000,20270120,191619,99967.6600,20210219,0.03
1,113042,601229,10.630,0.800,2000000.0000,,13.82,20210729,112.0000,20270125,191042,1999870.2800,20210210,0.01
1,113621,603650,32.620,0.500,80018.0000,22.83,42.41,20210802,110.0000,20270126,191621,53672.7400,20210222,32.92
0,123096,300078,8.270,0.600,81700.0000,5.79,10.75,20210802,118.0000,20270126,123096,81692.8800,20210301,0.01
0,123097,300611,9.280,0.700,30000.0000,6.50,12.06,20210802,115.0000,20270127,123097,29987.9800,20210224,0.04
0,123098,300723,25.480,0.600,48000.0000,17.84,33.12,20210803,118.0000,20270128,123098,42362.3000,20210223,11.75
0,123100,300543,11.610,0.600,38000.0000,8.13,15.09,20210823,112.0000,20270209,123100,37985.3700,20210316,0.04
0,123099,300630,46.030,0.600,85000.0000,32.22,59.84,20210823,118.0000,20270209,123099,84993.1300,20210308,0.01
1,118000,688388,78.030,0.600,124000.0000,54.62,101.44,20210901,115.0000,20270223,,97853.0500,20210315,21.09
0,128144,002734,11.500,0.500,98000.0000,8.05,14.95,20210906,110.0000,20270301,128144,97941.7800,20210324,0.06
1,113045,601231,19.750,0.200,345000.0000,13.83,25.68,20211210,108.0000,20270304,191045,344995.1000,20210402,0.00
1,113620,603363,13.970,0.500,100000.0000,9.78,18.16,20210916,116.0000,20270310,191620,84644.4700,20210402,15.36
0,123101,300607,26.180,0.500,67000.0000,18.33,34.03,20210916,110.0000,20270310,123101,66976.3600,20210329,0.04
0,123103,300767,56.890,0.700,28500.0000,39.82,73.96,20210922,115.0000,20270312,123103,24951.5300,20210331,12.45
0,123104,300253,17.740,0.500,97027.0000,12.42,23.06,20210922,120.0000,20270316,123104,97011.4700,20210331,0.02
0,127029,000928,5.790,0.400,96000.0000,4.05,7.53,20210927,113.0000,20270319,127029,81917.0300,20210423,14.67
0,123105,300229,9.960,0.600,80000.0000,6.97,12.95,20210927,115.0000,20270319,123105,79986.3000,20210427,0.02
1,113046,601609,10.750,0.500,150000.0000,7.53,13.98,20210927,110.0000,20270322,191046,149988.7400,20210412,0.01
0,127030,000301,13.530,0.400,500000.0000,9.47,17.59,20210927,108.0000,20270322,127030,499835.8600,20210421,0.03
0,128145,002953,13.660,0.600,38000.0000,9.56,17.76,20210927,110.0000,20270322,128145,37962.7700,20210416,0.10
0,123106,300641,7.500,0.600,32000.0000,5.25,9.75,20210930,120.0000,20270324,123106,31997.2400,20210420,0.01
0,127031,000902,17.760,0.500,100000.0000,12.43,23.09,20211008,112.0000,20270325,127031,99994.1500,20210423,0.01
1,113622,603298,23.080,0.400,115000.0000,16.16,30.00,20211008,108.0000,20270325,191622,114997.5400,20210414,0.00
1,110079,600926,12.990,0.400,1500000.0000,,16.89,20211008,108.0000,20270329,190079,1499906.4300,20210423,0.01
0,123107,300498,17.620,0.500,929700.0000,12.33,22.91,20211008,108.0000,20270329,123107,929628.6600,20210421,0.01
0,123108,300003,29.500,0.500,163800.0000,20.65,38.35,20211008,107.8000,20260330,123108,163776.7600,20210419,0.01
0,123110,300705,26.440,0.600,27000.0000,18.51,34.37,20211008,115.0000,20270401,123110,26980.0300,20210423,0.07
0,123109,300151,28.060,0.600,46000.0000,19.64,36.48,20211008,115.0000,20270401,123109,45958.0100,20210419,0.04
0,123112,300112,8.930,0.700,24572.0000,6.25,11.61,20211014,118.0000,20270408,123112,24541.9100,20210423,0.12
1,113623,603225,16.470,0.500,250000.0000,11.53,21.41,20211014,112.0000,20270408,191623,249995.7200,20210507,0.00
1,113047,601636,12.800,0.400,150000.0000,8.96,16.64,20211015,110.0000,20270409,191047,149887.4800,20210507,0.08
0,127032,002966,7.110,0.400,500000.0000,,9.24,20211018,110.0000,20270412,127032,499957.3700,20210512,0.01
1,110080,600133,6.050,0.500,155000.0000,4.24,7.87,20211018,110.0000,20270412,190080,154912.5200,20210512,0.06
0,127033,002822,6.280,0.500,116000.0000,4.40,8.16,20211022,112.0000,20270416,127033,115943.4900,20210524,0.05
0,123113,300791,56.880,0.600,102489.0000,39.82,73.94,20211025,113.0000,20270419,123113,102485.8200,20210514,0.00
1,113048,601778,5.460,0.500,300000.0000,3.82,7.10,20211029,112.0000,20270423,191048,229656.3100,20210531,23.45
1,113624,603976,46.690,0.700,40500.0000,32.68,60.70,20211108,115.0000,20270428,191624,40492.9200,20210601,0.02
0,127034,002887,12.380,0.600,71200.0000,8.67,16.09,20211111,113.0000,20270430,127034,71191.3700,20210528,0.01
1,111000,605222,20.100,0.400,100000.0000,14.07,26.13,20211129,115.0000,20270524,,99950.9400,20210617,0.05
0,123114,300775,31.820,0.400,90437.0000,22.27,41.37,20211130,115.0000,20270525,123114,90091.3100,20210611,0.38
0,127035,002225,4.430,0.600,62639.0000,3.10,5.76,20211201,108.8000,20260526,127035,62622.6100,20210618,0.03
0,127036,002050,21.400,0.200,300000.0000,14.98,27.82,20211207,110.0000,20270601,127036,299926.6000,20210630,0.02
0,127037,002126,10.770,0.300,70000.0000,7.54,14.00,20211213,110.0000,20270607,127037,69976.0700,20210709,0.03
0,123115,300623,29.000,0.400,119500.0000,20.30,37.70,20211215,113.0000,20270608,123115,119464.2700,20210629,0.03
0,123116,300624,49.790,0.400,37875.0000,34.85,64.73,20211216,115.0000,20270609,123116,37816.1600,20210701,0.16
1,113049,601633,38.010,0.200,350000.0000,26.61,49.41,20211217,107.0000,20270610,191049,349885.6100,20210708,0.03
0,127038,002049,137.780,0.200,150000.0000,96.45,179.11,20211217,110.0000,20270610,127038,149407.3900,20210714,0.40
1,113625,603208,96.330,0.400,58300.0000,67.43,125.23,20211220,118.0000,20270611,191625,58256.3200,20210701,0.07
1,113050,601009,10.100,0.200,2000000.0000,,13.13,20211221,107.0000,20270615,191050,1912788.4000,20210701,4.36
1,113051,601016,4.050,0.200,300000.0000,2.84,5.27,20211227,110.0000,20270621,191051,299909.9200,20210722,0.03
0,123117,300529,90.570,0.300,100000.0000,63.40,117.74,20211229,110.0000,20270623,123117,99991.5200,20210712,0.01
1,113626,603596,36.010,0.300,90200.0000,25.21,46.81,20220105,116.0000,20270629,191626,90151.4800,20210721,0.05
0,127039,000582,8.350,0.200,300000.0000,5.85,10.86,20220105,108.0000,20270629,127039,176322.5900,20210723,41.23
0,127040,002091,9.020,0.200,455742.0000,6.31,11.73,20220113,108.0000,20270707,127040,425781.3100,20210810,6.57
0,123118,300779,17.110,0.500,32000.0000,11.98,22.24,20220113,115.0000,20270707,123118,31993.1800,20210726,0.02
0,127041,002833,38.090,0.500,60000.0000,26.66,49.52,20220117,115.0000,20260712,127041,59996.0500,20210810,0.01
0,123119,300601,107.280,0.300,200000.0000,75.10,139.46,20220121,112.0000,20270715,123119,199976.7100,20210805,0.01
1,113627,603877,50.320,0.300,80000.0000,35.22,65.42,20220121,110.0000,20270715,191627,79998.2000,20210806,0.00
1,118001,688598,270.290,0.500,59990.0000,189.20,351.38,20220207,115.0000,20270723,,59985.5300,20210818,0.01
1,110081,600745,96.690,0.100,860000.0000,67.68,125.70,20220207,108.0000,20270728,190081,859838.9200,20210820,0.02
0,123120,300263,7.760,0.400,79893.0000,5.43,10.09,20220207,115.0000,20270730,123120,79852.6400,20210823,0.05
0,123121,300776,192.240,0.400,84000.0000,57.67,249.91,20220211,115.0000,20270805,123121,83956.8700,20210827,0.05
0,123122,300613,177.010,0.300,58119.0000,53.10,230.11,20220214,115.0000,20270806,123122,58093.7800,20210824,0.04
0,127042,002969,4.870,0.300,75000.0000,3.41,6.33,20220214,112.0000,20270809,127042,74982.8600,20210908,0.02
0,123123,300666,51.410,0.400,51650.0000,35.99,66.83,20220218,115.0000,20270812,123123,51606.2600,20210901,0.08
0,127043,002895,20.900,0.400,116000.0000,14.63,27.17,20220218,115.0000,20270812,127043,115897.9000,20210923,0.09
0,127044,002918,26.920,0.300,116893.0000,18.84,35.00,20220221,112.0000,20270816,127044,116888.8700,20210916,0.00
0,127045,002714,47.710,0.200,955000.0000,33.40,62.02,20220221,107.0000,20270816,127045,954811.9900,20210910,0.02
0,123124,300655,50.140,0.200,52300.0000,15.04,53.65,20220221,107.0000,20270816,123124,52286.3800,20210907,0.03
1,113628,603685,13.060,0.500,41500.0000,9.14,16.98,20220228,115.0000,20270823,191628,41498.3000,20210917,0.00
0,123125,300174,17.610,0.100,90000.0000,12.33,22.89,20220310,105.0000,20270906,123125,89997.2000,20210930,0.00
0,123126,300243,17.800,0.500,34000.0000,12.46,23.14,20220316,120.0000,20270910,123126,33998.4100,20211018,0.00
1,113629,603982,23.030,0.400,62000.0000,16.12,29.94,20220322,115.0000,20270914,191629,61978.6200,20211021,0.03
0,127046,002568,66.830,0.300,112800.0000,46.78,86.88,20220412,110.0000,20270929,127046,112786.9600,20211103,0.01
0,127047,002798,13.530,0.300,150000.0000,9.47,17.59,20220429,115.0000,20271025,127047,149996.6700,20211126,0.00
0,127048,002896,22.100,0.400,27000.0000,15.47,28.73,20220505,115.0000,20271026,127048,26999.1600,20211124,0.00
1,113630,603212,19.200,0.400,70000.0000,13.44,24.96,20220505,115.0000,20271027,113630,69980.9000,20211123,0.03
1,110082,600885,72.280,0.300,200000.0000,50.60,93.96,20220503,112.0000,20271028,190082,199995.5600,20211123,0.00
0,123127,300818,37.000,0.400,40000.0000,25.90,48.10,20220504,110.0000,20271029,123127,39998.9200,20211119,0.00
0,123128,300483,25.020,0.300,137950.0000,17.51,32.53,20220505,110.0000,20271101,123128,137945.7100,20211118,0.00
0,127049,000876,14.450,0.200,815000.0000,10.12,18.79,20220509,107.0000,20271102,127049,814949.6300,20211129,0.01
0,123129,300798,9.530,0.400,60000.0000,5.72,11.44,20220510,112.0000,20271104,123129,59999.4900,20211124,0.00
1,113631,603689,11.120,0.200,93000.0000,7.78,14.46,20220512,110.0000,20271108,191631,92998.8000,20211210,0.00
1,111001,605006,11.500,0.300,60000.0000,8.05,14.95,20220512,115.0000,20271108,,59998.1000,20211206,0.00
0,127050,002984,34.680,0.300,219894.0000,24.28,45.08,20220517,110.0000,20271111,127050,219894.0000,20211206,0.00
0,123130,300732,11.220,0.300,37600.0000,7.85,14.59,20220517,112.0000,20271111,123130,37600.0000,20211202,0.00
1,110083,600901,5.420,0.200,500000.0000,,7.05,20220517,107.0000,20271111,190083,500000.0000,20211210,0.00
0,127051,002975,62.170,0.400,52600.0000,43.52,80.82,20220523,115.0000,20271117,,52600.0000,20211217,0.00
1,113632,603733,39.090,0.300,205000.0000,27.36,50.82,20220523,112.0000,20271117,,205000.0000,20211209,0.00
1,118003,688001,39.330,0.300,80000.0000,27.53,51.13,20220603,110.0000,20271129,,80000.0000,20211220,0.00
1,113633,603486,178.130,0.300,104000.0000,124.69,231.57,20220606,110.0000,20271130,,104000.0000,20211229,0.00
0,123131,300738,22.020,0.500,63500.0000,15.41,28.63,20220609,115.0000,20271203,,63500.0000,20211222,0.00
1,111002,605007,18.500,0.300,67000.0000,12.95,24.05,20220614,112.0000,20271208,,67000.0000,20211230,0.00
1,113634,603605,195.980,0.300,75171.0000,137.19,254.77,20220614,115.0000,20271208,,75171.0000,20220104,0.00
1,113635,603305,33.040,0.300,135000.0000,23.13,42.95,20220616,115.0000,20271210,,135000.0000,20211230,0.00
1,113636,603995,53.070,0.300,100000.0000,37.15,68.99,20220617,115.0000,20271213,,100000.0000,20211231,0.00
0,123132,300871,27.990,0.400,70000.0000,19.59,36.39,20220623,115.0000,20271217,,70000.0000,20220107,0.00
0,123133,300673,19.920,0.400,72000.0000,13.94,25.90,20220628,115.0000,20271222,,72000.0000,20220121,0.00
1,113637,603112,12.990,0.400,80000.0000,9.09,16.89,20220628,115.0000,20271222,,80000.0000,20220120,0.00
0,127052,002534,28.080,0.300,111000.0000,19.66,36.50,20220630,110.0000,20271224,,111000.0000,20220124,0.00
0,123134,300863,76.000,0.400,27900.0000,53.20,98.80,20220701,115.0000,20271227,,27900.0000,20220118,0.00
1,113052,601166,25.510,0.200,5000000.0000,,33.16,20220630,109.0000,20271227,,5000000.0000,20220114,0.00
1,110084,600903,10.170,0.300,100000.0000,7.12,13.22,20220701,110.0000,20271227,,100000.0000,20220118,0.00
0,123135,300813,87.380,0.500,21000.0000,61.17,113.59,20220704,115.0000,20271228,,21000.0000,20220119,0.00
1,113638,603055,16.870,0.300,60000.0000,11.81,21.93,20220705,115.0000,20271229,,60000.0000,20220121,0.00
1,118004,688166,35.680,0.400,46500.0000,24.98,46.38,20220711,115.0000,20280104,,46500.0000,20220127,0.00
1,113053,601012,82.650,0.200,700000.0000,57.86,107.45,20220711,107.0000,20280105,,700000.0000,20220217,0.00
0,123136,300778,21.180,0.300,46000.0000,14.83,27.53,20220727,115.0000,20280121,,46000.0000,20220215,0.00
0,127053,002988,21.290,0.300,82400.0000,14.90,27.68,20220728,118.0000,20280124,,82400.0000,20220304,0.00
1,113639,603186,38.590,0.200,57000.0000,27.01,50.17,20220728,108.0000,20280124,,57000.0000,20220222,0.00
1,118005,688116,153.670,0.300,83000.0000,107.57,199.77,20220809,110.0000,20280127,,83000.0000,20220301,0.00
0,123137,300763,227.020,0.300,89700.0000,158.91,295.13,20220816,113.0000,20280210,,89700.0000,20220302,0.00
0,127054,002381,7.910,0.300,51364.0000,5.54,10.28,20220817,112.0000,20280211,,51364.0000,20220315,0.00
1,113640,603585,20.110,0.400,95721.0000,14.08,26.14,20220822,115.0000,20280216,,95721.0000,20220310,0.00
0,127055,002989,23.520,0.300,57700.0000,16.46,30.58,20220829,115.0000,20280222,,57700.0000,20220324,0.00
1,113641,603799,110.260,0.200,760000.0000,77.18,143.34,20220902,108.0000,20280224,,760000.0000,20220323,0.00
1,110085,600438,39.270,0.200,1200000.0000,27.49,51.05,20220902,109.0000,20280224,,1200000.0000,20220318,0.00
0,127056,000708,24.200,0.200,500000.0000,16.94,31.46,20220905,106.0000,20280225,,500000.0000,20220415,0.00
1,113054,601330,9.820,0.200,236000.0000,6.87,12.77,20220905,109.0000,20280225,,236000.0000,20220323,0.00
1,113642,603185,145.660,0.300,247000.0000,101.96,189.36,20220907,112.0000,20280301,,247000.0000,20220406,0.00
0,123138,300556,26.690,0.500,24000.0000,18.68,34.70,20220908,115.0000,20280302,,24000.0000,20220322,0.00
1,113055,601838,14.530,0.200,800000.0000,,18.89,20220909,107.0000,20280303,,800000.0000,20220406,0.00
0,127057,002864,26.590,0.400,27600.0000,18.61,34.57,20220909,115.0000,20280303,,27600.0000,20220408,0.00
1,111003,605166,14.630,0.400,20400.0000,10.24,19.02,20220913,115.0000,20280307,,20400.0000,20220419,0.00
0,123139,300811,76.500,0.400,43000.0000,53.55,99.45,20220919,115.0000,20280311,,43000.0000,20220331,0.00
0,123140,300743,12.470,0.500,17200.0000,8.73,16.21,20220919,112.0000,20280314,,17200.0000,20220330,0.00
0,123141,300283,6.920,0.500,32126.0000,4.84,9.00,20220921,115.0000,20280315,,32126.0000,20220408,0.00
1,118006,688179,63.720,0.400,38740.0000,44.60,82.84,20220921,115.0000,20280315,,38740.0000,20220412,0.00
0,123142,300853,34.410,0.300,55000.0000,24.09,44.73,20220926,110.0000,20280318,,55000.0000,20220411,0.00
0,127058,002422,17.110,0.200,300000.0000,11.98,22.24,20220926,108.0000,20280318,,300000.0000,20220420,0.00
1,118007,688030,24.650,0.400,26743.0000,17.26,32.05,20220928,114.0000,20280322,,26743.0000,20220421,0.00
1,113056,601963,11.280,0.200,1300000.0000,,14.66,20220929,110.0000,20280323,,1300000.0000,20220414,0.00
1,113057,601881,10.240,0.200,780000.0000,,13.31,20220930,106.0000,20280324,,780000.0000,20220510,0.00
1,113643,603466,22.150,0.300,50000.0000,15.51,28.80,20221010,115.0000,20280325,,50000.0000,20220422,0.00
1,111004,605068,24.810,0.400,67300.0000,17.37,32.25,20221010,115.0000,20280330,,67300.0000,20220425,0.00
1,113058,601686,9.390,0.300,200000.0000,6.57,12.21,20221010,112.0000,20280330,,200000.0000,20220426,0.00
0,123143,300843,23.450,0.400,33000.0000,16.42,30.49,20221010,112.0000,20280331,,33000.0000,20220422,0.00
0,127059,002753,8.860,0.400,38000.0000,6.20,11.52,20221014,115.0000,20280408,,38000.0000,20220516,0.00
0,123144,300305,14.240,0.300,60000.0000,4.27,18.51,20221017,,20280411,,60000.0000,20220427,0.00
1,113646,603058,8.760,0.300,14587.0000,6.13,11.39,20221020,108.3000,20280414,,14587.0000,,0.00
1,113644,603638,23.960,0.300,100000.0000,16.77,31.15,20221021,115.0000,20280415,,100000.0000,20220512,0.00
0,127060,002982,42.560,0.200,64000.0000,29.79,55.33,20221025,110.0000,20280419,,64000.0000,,0.00
0,127061,000723,13.210,0.300,359000.0000,9.25,17.17,20221026,118.0000,20280420,,359000.0000,,0.00
0,123145,300725,92.980,0.300,115000.0000,65.09,120.87,20221026,110.0000,20280420,,115000.0000,,0.00
0,127062,002398,7.820,0.400,39630.0000,5.47,10.17,20221027,115.0000,20280421,,39630.0000,,0.00
0,127063,000589,4.600,0.300,180000.0000,3.22,5.98,20221028,110.0000,20280422,,180000.0000,,0.00
1,113647,603609,10.220,0.300,150000.0000,7.15,13.29,20221028,112.0000,20280422,,150000.0000,,0.00
1,110086,600496,5.000,0.300,200000.0000,3.50,6.50,20221028,112.0000,20280422,,200000.0000,,0.00
1,113648,603477,25.240,0.400,100000.0000,17.67,32.81,20221031,110.0000,20280425,,100000.0000,20220517,0.00
0,123146,300692,7.470,0.300,86400.0000,5.23,9.71,20221114,115.0000,20280506,,86400.0000,,0.00