1,510210,000001,1,jjjl0000040,
1,510760,000001,1,jjjl0000034,
1,510290,000009,1,jjjl0000033,
1,510180,000010,1,jjjl0000032,
1,510880,000015,1,jjjl0000082,
1,510800,000016,1,jjjl0000097,
1,510850,000016,1,jjjl0000090,
1,510860,000016,1,9900026037,
1,510710,000016,1,jjjl0000035,
1,510600,000016,1,jjjl0000074,
1,510680,000016,1,jjjl0000050,
1,510190,000016,1,jjjl0000032,
1,510050,000016,1,jjjl0000031,
1,510100,000016,1,jjjl0000041,
1,510230,000018,1,jjjl0000034,
1,510690,000018,1,9900026037,
1,510010,000021,1,jjjl0000096,
1,510030,000029,1,jjjl0000062,
1,510630,000036,1,jjjl0000031,
1,510660,000037,1,jjjl0000031,
1,510650,000038,1,jjjl0000031,
1,510060,000042,1,jjjl0000090,
1,510020,000043,1,jjjl0000035,
1,510130,000044,1,jjjl0000041,
1,510220,000046,1,jjjl0000082,
1,510090,000048,1,jjjl0000097,
1,510270,000056,1,jjjl0000072,
1,510110,000063,1,jjjl0000047,
1,510120,000064,1,jjjl0000047,
1,510170,000066,1,jjjl0000051,
1,510410,000068,1,jjjl0000035,
1,510150,000069,1,jjjl0000060,
1,511010,000140,1,jjjl0000034,
1,512770,000171,62,jjjl0000031,
1,512830,000171,62,jjjl0000089,
0,159981,000201,62,jjjl0000097,
1,510300,000300,1,jjjl0000082,
1,510310,000300,1,jjjl0000041,
1,510330,000300,1,jjjl0000031,
1,510350,000300,1,jjjl0000090,
1,510360,000300,1,jjjl0000065,
1,510370,000300,1,9900026037,
1,510380,000300,1,9900027614,
1,510390,000300,1,9900017727,
1,515130,000300,1,jjjl0000035,
1,515310,000300,1,jjjl0000089,
1,515330,000300,1,jjjl0000085,
1,515350,000300,1,9900005499,
1,515360,000300,1,9900021829,
1,515380,000300,1,9900053495,
1,515390,000300,1,jjjl0000032,
0,159673,000300,1,jjjl0000036,
0,159919,000300,1,jjjl0000037,
0,159925,000300,1,jjjl0000033,
1,515660,000300,1,jjjl0000051,
1,515930,000300,1,9900027308,
1,561000,000300,1,jjjl0000032,
1,561300,000300,1,jjjl0000034,
1,561990,000300,1,jjjl0000060,
1,588100,000682,1,jjjl0000037,
1,588260,000682,1,jjjl0000032,
1,588200,000685,1,jjjl0000037,
1,588290,000685,1,jjjl0000032,
1,588180,000688,1,jjjl0000051,
1,588280,000688,1,jjjl0000032,
1,588150,000688,1,jjjl0000033,
1,588000,000688,1,jjjl0000031,
1,588050,000688,1,jjjl0000090,
1,588060,000688,1,jjjl0000065,
1,588080,000688,1,jjjl0000041,
1,588090,000688,1,jjjl0000082,
1,588370,000688,1,jjjl0000033,
1,588460,000688,1,jjjl0000036,
1,588010,000689,1,jjjl0000035,
1,588160,000689,1,jjjl0000033,
1,510440,000802,1,jjjl0000039,
1,516600,000806,62,jjjl0000090,
1,516900,000807,62,jjjl0000032,
1,516650,000811,62,jjjl0000031,
1,516680,000811,62,jjjl0000097,
0,159652,000811,62,jjjl0000089,
0,159886,000812,62,jjjl0000040,
1,516960,000812,62,jjjl0000034,
1,516690,000813,62,jjjl0000042,
1,516020,000813,62,jjjl0000062,
1,516120,000813,62,jjjl0000040,
1,516220,000813,62,jjjl0000034,
0,159870,000813,62,jjjl0000036,
1,512120,000814,1,jjjl0000032,
1,515170,000815,62,jjjl0000031,
0,159862,000815,62,jjjl0000042,
1,516170,000815,62,9900017727,
1,515710,000815,62,jjjl0000062,
1,512400,000819,1,jjjl0000033,
1,512530,000821,62,jjjl0000097,
1,561580,000825,62,jjjl0000082,
1,512580,000827,1,jjjl0000065,
1,512100,000852,1,jjjl0000033,
0,159845,000852,1,jjjl0000031,
0,159846,000852,1,jjjl0000097,
0,159633,000852,1,jjjl0000041,
0,159629,000852,1,jjjl0000040,
0,159677,000852,1,jjjl0000042,
0,159679,000852,1,jjjl0000034,
0,159680,000852,1,jjjl0000060,
0,159685,000852,1,jjjl0000085,
1,561590,000852,1,jjjl0000082,
1,560010,000852,1,jjjl0000065,
1,560110,000852,1,jjjl0000089,
1,560590,000852,1,jjjl0000036,
1,516300,000852,1,jjjl0000082,
1,512330,000858,1,jjjl0000033,
1,515150,000859,62,jjjl0000040,
1,515110,000859,62,jjjl0000041,
1,515990,000859,62,jjjl0000089,
1,512950,000860,1,jjjl0000031,
1,512960,000860,1,jjjl0000035,
0,159959,000860,1,jjjl0000042,
0,159974,000861,62,jjjl0000040,
1,515900,000861,62,jjjl0000035,
1,515680,000861,62,jjjl0000037,
1,515600,000861,62,jjjl0000065,
1,510160,000901,1,jjjl0000033,
0,159923,000903,1,jjjl0000039,
1,512910,000903,1,jjjl0000065,
0,159686,000903,1,jjjl0000041,
0,159630,000903,1,jjjl0000089,
0,159631,000903,1,jjjl0000060,
0,159627,000903,1,jjjl0000031,
1,515670,000903,1,jjjl0000072,
1,561180,000903,1,jjjl0000040,
1,562000,000903,1,jjjl0000062,
1,561950,000905,1,jjjl0000060,
1,563030,000905,1,jjjl0000041,
1,560950,000905,1,jjjl0000089,
1,561350,000905,1,jjjl0000034,
1,561550,000905,1,jjjl0000082,
1,560100,000905,1,jjjl0000033,
0,159610,000905,1,jjjl0000063,
0,159678,000905,1,jjjl0000035,
0,159820,000905,1,jjjl0000085,
0,159922,000905,1,jjjl0000037,
0,159935,000905,1,jjjl0000063,
1,512500,000905,1,jjjl0000031,
1,512510,000905,1,jjjl0000082,
1,515190,000905,1,qsgn0000638,
1,515530,000905,1,9900053495,
1,515550,000905,1,9900026588,
0,159968,000905,1,jjjl0000035,
0,159982,000905,1,jjjl0000036,
0,159999,000905,1,9900027308,
1,510500,000905,1,jjjl0000033,
1,510510,000905,1,jjjl0000065,
1,510530,000905,1,jjjl0000090,
1,510550,000905,1,9900021829,
1,510560,000905,1,9900027614,
1,510570,000905,1,9900026037,
1,510580,000905,1,jjjl0000041,
1,510590,000905,1,9900017727,
0,159517,000906,1,jjjl0000042,
1,515610,000906,1,jjjl0000072,
1,515620,000906,1,jjjl0000097,
1,515800,000906,1,jjjl0000089,
1,515810,000906,1,jjjl0000041,
1,515820,000906,1,jjjl0000040,
1,515830,000906,1,jjjl0000090,
1,512010,000913,1,jjjl0000041,
0,159933,000914,1,jjjl0000046,
0,159656,000918,62,jjjl0000050,
1,562310,000918,62,jjjl0000042,
1,562320,000919,62,jjjl0000042,
1,560330,000919,62,jjjl0000074,
1,560020,000922,62,jjjl0000089,
1,515890,000922,62,jjjl0000035,
1,515180,000922,62,jjjl0000041,
1,515080,000922,62,jjjl0000060,
1,512750,000925,62,jjjl0000037,
0,159930,000928,1,jjjl0000089,
0,159928,000932,1,jjjl0000089,
0,159672,000932,1,jjjl0000035,
0,159689,000932,1,jjjl0000033,
1,512600,000932,1,jjjl0000037,
1,560680,000932,1,jjjl0000065,
1,512610,000933,1,jjjl0000037,
0,159929,000933,1,jjjl0000089,
0,159931,000934,1,jjjl0000089,
1,512640,000934,1,jjjl0000037,
0,159511,000936,62,jjjl0000033,
0,159752,000941,62,jjjl0000074,
1,516270,000941,62,jjjl0000032,
1,561320,000945,62,jjjl0000034,
0,159683,000945,62,jjjl0000037,
0,159768,000948,62,jjjl0000042,
0,159825,000949,62,jjjl0000040,
0,159827,000949,62,jjjl0000042,
1,516810,000949,62,jjjl0000031,
1,516070,000977,62,jjjl0000041,
1,560560,000977,62,9900053495,
1,562300,000977,62,jjjl0000042,
0,159790,000977,62,jjjl0000031,
0,159885,000977,62,jjjl0000036,
1,515590,000982,1,9900025283,
0,159945,000986,1,jjjl0000065,
0,159944,000987,1,jjjl0000065,
0,159936,000989,1,jjjl0000065,
0,159938,000991,1,jjjl0000065,
0,159940,000992,1,jjjl0000065,
0,159939,000993,1,jjjl0000065,
0,159903,399001,0,jjjl0000033,
0,159943,399001,0,jjjl0000039,
0,159902,399005,0,jjjl0000031,
0,159908,399006,0,jjjl0000035,
0,159915,399006,0,jjjl0000041,
0,159808,399006,0,jjjl0000043,
0,159810,399006,0,9900004383,
0,159821,399006,0,qsgn0000638,
0,159675,399006,0,jjjl0000037,
0,159676,399006,0,jjjl0000040,
0,159948,399006,0,jjjl0000033,
0,159952,399006,0,jjjl0000065,
0,159955,399006,0,jjjl0000037,
0,159956,399006,0,jjjl0000097,
0,159957,399006,0,jjjl0000031,
0,159958,399006,0,jjjl0000090,
0,159964,399006,0,9900017727,
0,159971,399006,0,jjjl0000040,
0,159977,399006,0,jjjl0000085,
0,159912,399007,0,jjjl0000089,
0,159836,399012,0,jjjl0000085,
0,159716,399088,0,jjjl0000062,
0,159721,399088,0,9900027308,
0,159777,399276,0,jjjl0000051,
0,159773,399276,0,jjjl0000082,
0,159709,399285,0,jjjl0000090,
0,159804,399291,0,9900027614,
0,159814,399293,0,9900016888,
0,159991,399293,0,jjjl0000060,
0,159966,399295,0,jjjl0000031,
0,159967,399296,0,jjjl0000031,
0,159907,399303,0,jjjl0000065,
0,159521,399303,0,9900017727,
0,159628,399303,0,jjjl0000050,
0,159708,399324,0,9900016888,
0,159905,399324,0,jjjl0000090,
0,159906,399326,0,jjjl0000039,
0,159901,399330,0,jjjl0000041,
0,159706,399330,0,jjjl0000032,
0,159969,399330,0,jjjl0000042,
0,159970,399330,0,jjjl0000090,
0,159961,399330,0,9900021829,
0,159975,399330,0,jjjl0000060,
0,159913,399348,0,jjjl0000096,
0,159728,399361,0,jjjl0000033,
0,159973,399362,0,9900036740,
0,159986,399364,0,9900036740,
0,159698,399365,0,jjjl0000036,
0,159990,399377,0,jjjl0000042,
0,159717,399378,0,jjjl0000036,
0,159653,399378,0,jjjl0000051,
0,159507,399389,0,jjjl0000065,
0,159695,399389,0,jjjl0000037,
0,159880,399395,0,jjjl0000036,
0,159843,399396,0,jjjl0000060,
0,159951,399422,0,jjjl0000037,
0,159662,399433,0,jjjl0000033,
0,159993,399437,0,jjjl0000036,
0,159669,399438,0,jjjl0000034,
0,159625,399438,0,jjjl0000037,
0,159697,399439,0,jjjl0000036,
0,159508,399441,0,jjjl0000032,
0,159859,399441,0,jjjl0000085,
0,159839,399441,0,jjjl0000089,
0,159965,399550,0,9900026588,
0,159909,399610,0,jjjl0000060,
0,159918,399624,0,jjjl0000037,
0,159681,399673,0,jjjl0000036,
0,159682,399673,0,jjjl0000063,
0,159949,399673,0,jjjl0000032,
0,159916,399701,0,jjjl0000097,
0,159910,399702,0,jjjl0000037,
0,159932,399802,0,jjjl0000039,
0,159875,399808,0,jjjl0000037,
1,516090,399808,0,jjjl0000041,
1,516160,399808,0,jjjl0000033,
1,516850,399808,0,jjjl0000031,
1,516580,399808,0,jjjl0000035,
1,516560,399812,0,jjjl0000062,
1,516550,399814,0,jjjl0000037,
0,159707,399965,0,jjjl0000062,
1,515630,399966,0,jjjl0000036,
1,512560,399967,0,jjjl0000041,
1,512660,399967,0,jjjl0000034,
1,512680,399967,0,jjjl0000065,
1,512810,399967,0,jjjl0000062,
1,512980,399971,0,jjjl0000065,
0,159805,399971,0,jjjl0000036,
1,512670,399973,0,jjjl0000036,
1,512570,399975,0,jjjl0000041,
1,512900,399975,0,jjjl0000033,
1,512880,399975,0,jjjl0000034,
1,515560,399975,0,jjjl0000097,
1,515010,399975,0,jjjl0000031,
1,512000,399975,0,jjjl0000062,
0,159841,399975,0,jjjl0000085,
0,159842,399975,0,jjjl0000042,
0,159848,399975,0,jjjl0000051,
1,515850,399975,0,jjjl0000040,
1,516200,399975,0,jjjl0000032,
1,560090,399975,0,jjjl0000089,
1,516660,399976,0,jjjl0000032,
0,159824,399976,0,jjjl0000035,
0,159806,399976,0,jjjl0000034,
0,159637,399976,0,9900042415,
1,515030,399976,0,jjjl0000031,
1,515280,399986,0,jjjl0000040,
1,515290,399986,0,jjjl0000085,
1,515020,399986,0,jjjl0000031,
1,512820,399986,0,jjjl0000089,
1,512700,399986,0,jjjl0000033,
1,512730,399986,0,jjjl0000036,
1,512800,399986,0,jjjl0000062,
1,516210,399986,0,jjjl0000032,
1,516310,399986,0,jjjl0000041,
1,512690,399987,0,jjjl0000036,
1,512170,399989,0,jjjl0000062,
0,159847,399989,0,jjjl0000041,
0,159828,399989,0,jjjl0000034,
0,159613,399994,0,jjjl0000037,
1,562920,399994,0,jjjl0000041,
1,516970,399995,0,jjjl0000065,
1,515220,399998,0,jjjl0000034,
1,512360,704843,62,9900017727,
1,512860,704843,62,jjjl0000032,
1,512920,704843,62,jjjl0000086,
1,512390,707918,12,9900017727,
1,512520,716567,62,jjjl0000082,
1,512990,716567,62,jjjl0000031,
1,515160,716567,62,jjjl0000060,
1,512180,716567,62,jjjl0000097,
1,512090,716567,62,jjjl0000041,
1,512280,716567,62,jjjl0000063,
1,512160,716567,62,jjjl0000033,
1,515910,716567,62,9900028118,
1,515520,718465,12,jjjl0000039,
1,515770,718711,12,jjjl0000080,
1,515780,718711,12,9900004383,
1,512320,718711,12,jjjl0000090,
1,512380,718711,12,jjjl0000042,
0,159621,721638,12,jjjl0000034,
0,159601,746059,12,jjjl0000031,
0,159602,746059,12,jjjl0000033,
1,563000,746059,12,jjjl0000041,
1,560050,746059,12,jjjl0000089,
1,513850,750108,12,jjjl0000041,
0,159713,930598,62,jjjl0000040,
0,159715,930598,62,jjjl0000041,
1,516150,930598,62,jjjl0000037,
1,516780,930598,62,jjjl0000082,
1,562930,930601,62,jjjl0000041,
0,159852,930601,62,jjjl0000037,
0,159605,930604,62,jjjl0000065,
0,159607,930604,62,jjjl0000037,
1,515210,930606,62,jjjl0000034,
0,159619,930608,62,jjjl0000034,
0,159635,930608,62,jjjl0000031,
1,516950,930608,62,jjjl0000042,
0,159861,930614,62,jjjl0000034,
0,159856,930625,62,jjjl0000090,
0,159729,930625,62,jjjl0000089,
1,517050,930625,62,jjjl0000082,
1,517200,930625,62,jjjl0000037,
1,562800,930632,62,jjjl0000037,
1,561800,930632,62,jjjl0000088,
0,159671,930632,62,jjjl0000090,
0,159608,930632,62,jjjl0000065,
0,159766,930633,62,jjjl0000040,
1,562510,930633,62,jjjl0000031,
1,562390,930641,62,jjjl0000042,
1,561510,930641,62,jjjl0000082,
1,560080,930641,62,jjjl0000089,
0,159647,930641,62,jjjl0000036,
1,515920,930648,62,jjjl0000035,
1,512720,930651,62,jjjl0000034,
0,159998,930651,62,jjjl0000085,
0,159997,930652,62,jjjl0000085,
0,159736,930653,62,jjjl0000085,
1,562900,930662,62,jjjl0000041,
1,560880,930697,62,jjjl0000065,
1,561120,930697,62,jjjl0000040,
0,159996,930697,62,jjjl0000034,
1,512780,930701,62,jjjl0000065,
1,512350,930703,62,9900026037,
0,159865,930707,62,jjjl0000034,
0,159867,930707,62,jjjl0000036,
1,516670,930707,62,jjjl0000060,
1,516760,930707,62,9900017727,
0,159876,930708,62,jjjl0000062,
0,159881,930708,62,jjjl0000034,
0,159871,930708,62,jjjl0000042,
1,513090,930709,62,jjjl0000041,
0,159895,930712,62,jjjl0000041,
0,159896,930712,62,jjjl0000033,
0,159897,930712,62,jjjl0000097,
0,159701,930712,62,jjjl0000060,
1,516260,930712,62,jjjl0000031,
1,516330,930712,62,jjjl0000082,
0,159702,930713,62,jjjl0000089,
0,159819,930713,62,jjjl0000041,
1,512930,930713,62,9900017727,
1,515070,930713,62,jjjl0000031,
1,516530,930716,62,jjjl0000042,
1,516910,930716,62,jjjl0000040,
1,516520,930721,62,jjjl0000082,
1,515250,930721,62,jjjl0000040,
0,159795,930721,62,jjjl0000089,
0,159888,930721,62,jjjl0000031,
0,159889,930721,62,jjjl0000034,
0,159872,930725,62,jjjl0000036,
1,512290,930726,62,jjjl0000034,
0,159962,930738,62,jjjl0000031,
1,515300,930740,62,jjjl0000037,
0,159849,930743,62,jjjl0000060,
0,159837,930743,62,jjjl0000041,
1,516500,930743,62,jjjl0000031,
1,516930,930743,62,9900005499,
1,512190,930758,62,GD081202,
0,159855,930781,62,jjjl0000042,
1,516620,930781,62,jjjl0000034,
1,512260,930782,62,jjjl0000032,
1,513220,930796,62,jjjl0000060,
0,159786,930821,62,jjjl0000042,
1,512590,930838,62,9900004383,
0,159691,930839,62,jjjl0000090,
1,512270,930846,62,jjjl0000032,
1,516800,930850,62,jjjl0000062,
1,516630,930851,62,jjjl0000031,
1,516510,930851,62,jjjl0000041,
0,159739,930851,62,jjjl0000036,
0,159890,930851,62,jjjl0000060,
0,159972,930865,62,jjjl0000036,
1,511580,930872,62,jjjl0000060,
0,159869,930901,62,jjjl0000031,
1,516010,930901,62,jjjl0000034,
1,516770,930901,62,jjjl0000082,
1,516700,930902,62,jjjl0000062,
1,516000,930902,62,jjjl0000031,
1,515400,930902,62,jjjl0000040,
1,513530,930914,62,jjjl0000082,
1,511310,930916,62,jjjl0000040,
1,513550,930931,62,jjjl0000082,
0,159711,930931,62,jjjl0000031,
0,159712,930931,62,jjjl0000034,
1,515510,930938,62,jjjl0000037,
1,560500,930939,62,9900033680,
0,159606,930939,62,jjjl0000041,
1,515100,930955,62,jjjl0000063,
0,159788,930957,62,jjjl0000041,
0,159776,930965,62,jjjl0000042,
0,159718,930965,62,9900017727,
1,513200,930965,62,jjjl0000041,
1,513700,930965,62,jjjl0000036,
0,159851,930986,62,jjjl0000062,
1,516100,930986,62,jjjl0000031,
1,516860,930986,62,jjjl0000035,
1,516390,930997,62,jjjl0000089,
1,515700,930997,62,9900017727,
0,159978,930999,62,jjjl0000097,
1,512970,931000,62,9900017727,
0,159512,931008,62,jjjl0000065,
0,159745,931009,62,jjjl0000034,
0,159787,931009,62,jjjl0000041,
1,516750,931009,62,jjjl0000040,
1,511020,931018,62,9900017727,
1,512870,931033,62,9900033978,
1,517900,931039,62,jjjl0000060,
1,517980,931039,62,jjjl0000088,
1,512040,931052,62,jjjl0000040,
1,512710,931066,62,jjjl0000040,
1,516130,931068,62,jjjl0000062,
1,515980,931071,62,jjjl0000088,
1,511380,931078,62,jjjl0000035,
0,159994,931079,62,jjjl0000042,
1,515050,931079,62,jjjl0000031,
1,515000,931087,62,jjjl0000062,
1,516050,931087,62,jjjl0000090,
1,510990,931088,62,jjjl0000090,
0,159803,931127,62,jjjl0000041,
0,159798,931139,62,jjjl0000041,
0,159670,931139,62,jjjl0000051,
1,515650,931139,62,jjjl0000040,
1,515950,931140,62,jjjl0000040,
0,159838,931140,62,jjjl0000035,
1,512650,931141,62,jjjl0000089,
0,159857,931151,62,jjjl0000085,
0,159863,931151,62,jjjl0000036,
0,159864,931151,62,jjjl0000034,
0,159609,931151,62,9900004383,
0,159618,931151,62,jjjl0000032,
1,515790,931151,62,jjjl0000082,
1,516180,931151,62,9900017727,
1,516290,931151,62,jjjl0000089,
1,516880,931151,62,jjjl0000042,
1,516060,931152,62,jjjl0000090,
1,516080,931152,62,jjjl0000041,
1,560900,931152,62,jjjl0000080,
0,159858,931152,62,jjjl0000033,
0,159835,931152,62,jjjl0000097,
1,515120,931152,62,jjjl0000065,
0,159992,931152,62,jjjl0000042,
0,159987,931159,62,jjjl0000042,
1,515200,931159,62,jjjl0000074,
1,515880,931160,62,jjjl0000034,
0,159816,931161,62,jjjl0000036,
0,159815,931163,62,jjjl0000060,
1,515860,931165,62,jjjl0000037,
1,515960,931166,62,jjjl0000037,
1,515870,931167,62,jjjl0000037,
1,515750,931186,62,jjjl0000040,
1,515580,931187,62,jjjl0000082,
0,159853,931187,62,jjjl0000033,
1,563010,931235,62,jjjl0000041,
1,515090,931268,62,jjjl0000035,
1,515760,931372,62,jjjl0000031,
1,515690,931373,62,jjjl0000036,
0,159807,931380,62,jjjl0000041,
1,515500,931381,62,jjjl0000047,
0,159743,931393,62,jjjl0000035,
1,517300,931395,62,9900027614,
1,517030,931395,62,jjjl0000041,
1,516980,931402,62,jjjl0000088,
1,561130,931403,62,jjjl0000040,
1,517880,931404,62,jjjl0000082,
0,159811,931406,62,jjjl0000035,
0,159748,931409,62,jjjl0000040,
0,159622,931409,62,9900042415,
1,517110,931409,62,jjjl0000034,
1,517120,931409,62,jjjl0000082,
1,516730,931412,62,9900004383,
0,159692,931412,62,9900042415,
1,517960,931442,62,jjjl0000080,
1,517360,931442,62,jjjl0000032,
1,560990,931447,62,9900028118,
0,159735,931454,62,jjjl0000042,
0,159799,931454,62,9900017727,
1,513590,931454,62,jjjl0000036,
1,513960,931454,62,jjjl0000035,
1,513230,931454,62,jjjl0000031,
1,513070,931454,62,jjjl0000041,
1,513360,931456,62,jjjl0000035,
1,515320,931461,62,jjjl0000032,
1,515260,931461,62,jjjl0000062,
0,159791,931463,62,jjjl0000031,
1,561900,931463,62,jjjl0000060,
1,560180,931463,62,jjjl0000033,
1,516830,931463,62,jjjl0000040,
0,159758,931468,62,jjjl0000031,
1,560660,931469,62,jjjl0000086,
1,517390,931470,62,jjjl0000085,
0,159738,931470,62,jjjl0000082,
1,516720,931476,62,9900004383,
1,516400,931476,62,jjjl0000040,
0,159725,931480,62,jjjl0000090,
0,159793,931481,62,9900017727,
1,517280,931481,62,jjjl0000085,
1,516820,931484,62,9900017727,
1,560600,931484,62,9900021829,
1,517800,931487,62,9900021829,
1,561600,931494,62,9900017727,
1,561310,931494,62,jjjl0000034,
1,561100,931494,62,jjjl0000040,
1,562950,931494,62,jjjl0000041,
0,159769,931494,62,jjjl0000042,
0,159779,931494,62,jjjl0000060,
0,159733,931494,62,jjjl0000063,
0,159778,931495,62,jjjl0000036,
0,159638,931521,62,jjjl0000037,
1,517500,931523,62,jjjl0000034,
1,517350,931524,62,jjjl0000065,
1,517270,931524,62,9900004383,
0,159723,931524,62,jjjl0000089,
1,561500,931526,62,jjjl0000082,
1,560650,931526,62,9900005499,
1,517160,931554,62,jjjl0000033,
1,517330,931554,62,jjjl0000041,
0,159751,931573,62,jjjl0000036,
1,513560,931573,62,9900027625,
1,513980,931573,62,jjjl0000063,
1,513860,931573,62,jjjl0000047,
1,513150,931573,62,jjjl0000082,
1,513020,931573CNY00,62,jjjl0000034,
0,159750,931574,62,jjjl0000060,
0,159747,931574,62,jjjl0000033,
1,517660,931575,62,jjjl0000085,
1,517770,931580,62,9900004383,
1,560800,931582,62,9900033680,
0,159658,931582,62,jjjl0000032,
0,159510,931586,62,jjjl0000031,
0,159617,931587,62,jjjl0000031,
1,562530,931588,62,jjjl0000031,
0,159620,931590,62,jjjl0000031,
1,562520,931591,62,jjjl0000031,
1,517850,931596,62,jjjl0000089,
0,159792,931637,62,jjjl0000040,
1,513040,931637,62,jjjl0000041,
1,513770,931637,62,jjjl0000062,
0,159780,931643,62,jjjl0000033,
0,159781,931643,62,jjjl0000041,
0,159782,931643,62,jjjl0000042,
0,159783,931643,62,jjjl0000031,
0,159603,931643,62,jjjl0000085,
1,588300,931643,62,jjjl0000060,
1,588310,931643,62,9900021829,
1,588320,931643,62,jjjl0000065,
1,588330,931643,62,jjjl0000062,
1,588350,931643,62,9900033680,
1,588360,931643,62,jjjl0000034,
1,588380,931643,62,jjjl0000040,
1,588390,931643,62,jjjl0000035,
1,588400,931643,62,jjjl0000037,
1,561150,931648,62,jjjl0000040,
1,517760,931663,62,9900004383,
1,517550,931663,62,jjjl0000060,
0,159623,931695,62,jjjl0000035,
0,159796,931719,62,jjjl0000089,
1,561160,931719,62,jjjl0000040,
1,561910,931719,62,jjjl0000060,
1,562880,931719,62,jjjl0000037,
1,562010,931733,62,jjjl0000062,
0,159516,931743,62,jjjl0000034,
0,159639,931755,62,jjjl0000033,
0,159640,931755,62,jjjl0000090,
0,159641,931755,62,jjjl0000060,
0,159642,931755,62,jjjl0000039,
1,562990,931755,62,jjjl0000041,
1,561190,931755,62,jjjl0000040,
1,560550,931755,62,jjjl0000065,
1,560060,931755,62,jjjl0000089,
1,560960,931772,62,jjjl0000080,
1,515060,931775,62,jjjl0000031,
1,512200,931775,62,jjjl0000033,
0,159616,931778,62,jjjl0000097,
1,513120,931787,62,jjjl0000065,
1,513310,931790,62,jjjl0000082,
1,560980,931798,62,jjjl0000065,
1,561980,931865,62,jjjl0000060,
0,159667,931866,62,jjjl0000034,
0,159663,931866,62,jjjl0000031,
0,159690,931892,62,jjjl0000060,
1,561330,931892,62,jjjl0000034,
1,561170,931897,62,jjjl0000040,
1,562550,931897,62,jjjl0000031,
1,562960,931897,62,jjjl0000041,
1,562860,931992,62,jjjl0000037,
1,561920,931992,62,jjjl0000060,
1,561710,931992,62,jjjl0000035,
1,561790,932037,62,jjjl0000035,
1,561260,932037,62,jjjl0000090,
1,562850,932037,62,jjjl0000037,
1,562380,932038,62,jjjl0000042,
1,563050,932038,62,jjjl0000041,
1,560170,932038,62,jjjl0000033,
1,560700,932039,62,jjjl0000065,
1,560070,932039,62,jjjl0000089,
1,561960,932039,62,jjjl0000060,
1,511180,950041,62,jjjl0000047,
1,511060,950045,62,jjjl0000047,
1,511050,950047,62,9900026037,
1,510770,950049,62,jjjl0000074,
1,510810,950096,62,jjjl0000089,
1,510200,950105,62,9900034237,
1,511270,950109,62,jjjl0000047,
1,511280,950113,62,jjjl0000031,
0,159983,980001,102,jjjl0000031,
0,159984,980001,102,jjjl0000033,
0,159979,980001,102,jjjl0000065,
0,159976,980001,102,jjjl0000090,
0,159657,980015,102,jjjl0000036,
0,159643,980015,102,jjjl0000034,
0,159645,980015,102,jjjl0000040,
0,159646,980015,102,jjjl0000082,
0,159760,980016,102,9900053495,
0,159801,980017,102,jjjl0000065,
0,159813,980017,102,jjjl0000036,
0,159665,980017,102,jjjl0000090,
0,159995,980017,102,jjjl0000031,
0,159730,980028,102,jjjl0000035,
0,159732,980030,102,jjjl0000031,
0,159755,980032,102,jjjl0000065,
0,159756,980032,102,qsgn0000638,
0,159757,980032,102,jjjl0000063,
0,159840,980032,102,jjjl0000090,
0,159767,980032,102,9900027625,
0,159775,980032,102,jjjl0000097,
0,159636,987008,102,jjjl0000090,
1,512760,990001,62,jjjl0000034,
1,513500,A_SPX,12,jjjl0000035,
1,513650,A_SPX,12,jjjl0000033,
0,159655,A_SPX,12,jjjl0000031,
0,159612,A_SPX,12,jjjl0000034,
0,159812,Au99.99,46,9900025283,
0,159830,Au99.99,46,jjjl0000085,
0,159831,Au99.99,46,jjjl0000037,
0,159832,Au99.99,46,9900017727,
0,159833,Au99.99,46,jjjl0000039,
0,159834,Au99.99,46,jjjl0000033,
0,159934,Au99.99,46,jjjl0000041,
0,159937,Au99.99,46,jjjl0000035,
1,518600,Au99.99,46,jjjl0000065,
1,518660,Au99.99,46,jjjl0000090,
1,518680,Au99.99,46,jjjl0000040,
1,518800,Au99.99,46,jjjl0000034,
1,518850,Au99.99,46,jjjl0000031,
1,518860,Au99.99,46,jjjl0000097,
1,518880,Au99.99,46,jjjl0000032,
1,518890,Au99.99,46,jjjl0000072,
1,513030,B_DAX,12,jjjl0000032,
1,511520,CBA08203,62,jjjl0000040,
0,159649,CBA08303,62,jjjl0000032,
0,159988,CBA089,62,9900017727,
0,159650,CBA11903,62,jjjl0000035,
0,159651,CBA11903,62,9900017727,
1,511000,CBA12003,62,jjjl0000060,
1,511090,CBA21801,62,9900033680,
1,511030,CBC00703,62,9900017727,
1,513900,CES100,62,jjjl0000032,
1,517780,CES300,62,9900004383,
0,159503,CN5074,102,9900033680,
0,159985,DCESMFI,29,jjjl0000031,
1,512150,F_XIN9,12,9900034237,
1,513080,FCHI,12,jjjl0000032,
0,159719,GPCCH003,12,9900017727,
1,517180,GPCCH003,12,jjjl0000033,
1,517090,GPCCH003,12,jjjl0000034,
0,159687,GPCSP006,12,jjjl0000033,
1,511360,H11014,62,jjjl0000047,
0,159926,H11017,62,jjjl0000037,
0,159710,H11052,62,jjjl0000097,
0,159720,H11052,62,9900053495,
1,516590,H11052,62,jjjl0000041,
1,516380,H11052,62,jjjl0000062,
1,560000,H11052,62,9900004383,
1,562910,H11054,62,jjjl0000041,
1,516320,H11054,62,jjjl0000031,
1,516570,H11057,62,jjjl0000041,
0,159731,H11057,62,jjjl0000031,
1,560860,H11059,62,jjjl0000050,
1,511260,H11077,62,jjjl0000034,
1,511220,H11098,62,jjjl0000047,
1,513810,H11153,62,jjjl0000031,
1,516350,H30007,62,jjjl0000041,
1,516640,H30007,62,jjjl0000040,
1,516920,H30007,62,jjjl0000089,
1,516870,H30015,62,jjjl0000042,
1,516110,H30015,62,jjjl0000034,
0,159887,H30022,62,jjjl0000040,
1,512070,H30035,62,jjjl0000041,
1,515570,H30089,62,qsgn0000279,
1,513140,H30106,62,jjjl0000082,
0,159666,H30171,62,jjjl0000031,
0,159891,H30178,62,jjjl0000097,
0,159873,H30178,62,jjjl0000085,
0,159877,H30178,62,jjjl0000033,
1,516790,H30178,62,jjjl0000082,
1,516610,H30178,62,jjjl0000039,
1,512480,H30184,62,jjjl0000051,
0,159611,H30199,62,jjjl0000065,
1,560580,H30199,62,jjjl0000033,
1,561560,H30199,62,jjjl0000082,
1,561700,H30199,62,jjjl0000035,
1,562350,H30199,62,jjjl0000042,
0,159899,H30202,62,jjjl0000060,
1,515230,H30202,62,jjjl0000034,
0,159789,H30205,62,jjjl0000097,
0,159797,H30217,62,jjjl0000089,
0,159898,H30217,62,jjjl0000060,
0,159883,H30217,62,9900027308,
1,560160,H30217,62,jjjl0000081,
1,512890,H30269,62,jjjl0000082,
1,512220,H30318,62,jjjl0000063,
1,562330,H30352,62,jjjl0000042,
1,560030,H30356,62,jjjl0000089,
1,516190,H30365,62,jjjl0000031,
1,517000,H30455,62,jjjl0000042,
1,517010,H30455,62,jjjl0000041,
1,517100,H30455,62,jjjl0000040,
1,517060,H30455,62,jjjl0000062,
1,517080,H30455,62,jjjl0000089,
1,517170,H30455,62,jjjl0000031,
1,517990,H30463,62,jjjl0000060,
1,513050,H30533,62,jjjl0000041,
0,159770,H30590,62,jjjl0000085,
1,562360,H30590,62,jjjl0000042,
1,562500,H30590,62,jjjl0000031,
1,516890,H30597,62,9900017727,
1,516710,H30597,62,jjjl0000031,
1,516360,H30597,62,jjjl0000062,
1,516480,H30597,62,jjjl0000051,
0,159761,H30597,62,jjjl0000034,
0,159763,H30597,62,jjjl0000097,
0,159703,H30597,62,jjjl0000085,
1,510890,H50040,62,9900026037,
1,513990,H50069,62,jjjl0000060,
1,513600,HSI,27,jjjl0000033,
1,513660,HSI,27,jjjl0000031,
0,159920,HSI,27,jjjl0000031,
0,159850,HZ5014,27,jjjl0000031,
0,159823,HZ5014,27,jjjl0000037,
1,513680,HZ5014,27,jjjl0000097,
1,510900,HZ5014,27,jjjl0000041,
0,159963,HZ5014,27,jjjl0000040,
0,159954,HZ5014,27,jjjl0000033,
0,159960,HZ5014,27,9900017727,
1,513580,HZ5017,27,jjjl0000032,
1,513380,HZ5017,27,jjjl0000065,
1,513890,HZ5017,27,jjjl0000080,
1,513130,HZ5017,27,jjjl0000082,
1,513180,HZ5017,27,jjjl0000031,
1,513260,HZ5017,27,jjjl0000089,
1,513010,HZ5017,27,jjjl0000041,
0,159740,HZ5017,27,jjjl0000039,
0,159741,HZ5017,27,jjjl0000037,
0,159742,HZ5017,27,jjjl0000035,
0,159688,HZ5312,27,jjjl0000032,
1,513330,HZ5312,27,jjjl0000031,
1,513060,HZ5313,27,jjjl0000035,
1,513970,HZ5314,27,jjjl0000063,
0,159699,HZ5314,27,jjjl0000065,
0,159809,HZ5326,27,jjjl0000035,
1,513320,HZ5330,27,jjjl0000041,
1,513950,HZ5339,27,jjjl0000040,
0,159506,HZ5353,27,jjjl0000040,
0,159726,HZ5360,27,jjjl0000031,
1,513690,HZ5361,27,jjjl0000035,
1,513280,HZ5366,27,jjjl0000089,
0,159615,HZ5366,27,jjjl0000033,
0,159892,HZ5366,27,jjjl0000031,
1,513160,HZ5368,27,jjjl0000042,
1,517380,HZ5370,27,jjjl0000085,
0,159980,IMCI,42,jjjl0000039,
1,512550,IN0017,12,jjjl0000037,
1,513000,N225,12,jjjl0000041,
1,513520,N225,12,jjjl0000031,
1,513880,N225,12,jjjl0000032,
0,159866,N225,12,jjjl0000090,
1,513290,NASDAQ,12,jjjl0000089,
1,513300,NDX,12,jjjl0000031,
1,513100,NDX,12,jjjl0000034,
1,513110,NDX,12,jjjl0000082,
1,513390,NDX,12,jjjl0000035,
0,159941,NDX,12,jjjl0000065,
0,159501,NDX,12,jjjl0000037,
0,159513,NDX,12,jjjl0000039,
0,159659,NDX,12,jjjl0000060,
0,159660,NDX,12,jjjl0000089,
0,159632,NDX,12,jjjl0000032,
0,159696,NDX,12,jjjl0000041,
0,159509,NTSMCWI,12,jjjl0000063,
1,515450,SPCLLHCT,12,jjjl0000033,
0,159822,SPNCSCHN,12,jjjl0000042,
1,513800,TPX,12,jjjl0000033,