20221101,296
90001093,159919CCM003500,沪深300ETF购12月3500,159919,,2212,,10000,3.5000,20220428,20221228,20221228,20221228,EC0000000000S0000,6024.0000,,,0,0,0,0,0
90001094,159919CCM003600,沪深300ETF购12月3600,159919,,2212,,10000,3.6000,20220428,20221228,20221228,20221228,EC0000000000S0000,5134.0000,,,0,0,0,0,0
90001095,159919CCM003700,沪深300ETF购12月3700,159919,,2212,,10000,3.7000,20220428,20221228,20221228,20221228,EC0000000000S0000,3737.0000,,,0,0,0,0,0
90001096,159919CCM003800,沪深300ETF购12月3800,159919,,2212,,10000,3.8000,20220428,20221228,20221228,20221228,EC0000000000S0000,3012.5000,,,0,0,0,0,0
90001097,159919CCM003900,沪深300ETF购12月3900,159919,,2212,,10000,3.9000,20220428,20221228,20221228,20221228,EC0000000000S0000,2817.5000,,,0,0,0,0,0
90001098,159919CCM004000,沪深300ETF购12月4000,159919,,2212,,10000,4.0000,20220428,20221228,20221228,20221228,EC0000000000S0000,2695.5000,,,0,0,0,0,0
90001099,159919CCM004100,沪深300ETF购12月4100,159919,,2212,,10000,4.1000,20220428,20221228,20221228,20221228,EC0000000000S0000,2618.5000,,,0,0,0,0,0
90001100,159919CCM004200,沪深300ETF购12月4200,159919,,2212,,10000,4.2000,20220428,20221228,20221228,20221228,EC0000000000S0000,2570.5000,,,0,0,0,0,0
90001101,159919CCM004300,沪深300ETF购12月4300,159919,,2212,,10000,4.3000,20220428,20221228,20221228,20221228,EC0000000000S0000,2544.5000,,,0,0,0,0,0
90001102,159919PCM003500,沪深300ETF沽12月3500,159919,,2212,,10000,3.5000,20220428,20221228,20221228,20221228,EP0000000000S0000,4639.0000,,,0,0,0,0,0
90001103,159919PCM003600,沪深300ETF沽12月3600,159919,,2212,,10000,3.6000,20220428,20221228,20221228,20221228,EP0000000000S0000,5753.0000,,,0,0,0,0,0
90001104,159919PCM003700,沪深300ETF沽12月3700,159919,,2212,,10000,3.7000,20220428,20221228,20221228,20221228,EP0000000000S0000,6331.0000,,,0,0,0,0,0
90001105,159919PCM003800,沪深300ETF沽12月3800,159919,,2212,,10000,3.8000,20220428,20221228,20221228,20221228,EP0000000000S0000,7064.0000,,,0,0,0,0,0
90001106,159919PCM003900,沪深300ETF沽12月3900,159919,,2212,,10000,3.9000,20220428,20221228,20221228,20221228,EP0000000000S0000,7834.0000,,,0,0,0,0,0
90001107,159919PCM004000,沪深300ETF沽12月4000,159919,,2212,,10000,4.0000,20220428,20221228,20221228,20221228,EP0000000000S0000,8734.0000,,,0,0,0,0,0
90001108,159919PCM004100,沪深300ETF沽12月4100,159919,,2212,,10000,4.1000,20220428,20221228,20221228,20221228,EP0000000000S0000,9633.0000,,,0,0,0,0,0
90001109,159919PCM004200,沪深300ETF沽12月4200,159919,,2212,,10000,4.2000,20220428,20221228,20221228,20221228,EP0000000000S0000,10586.0000,,,0,0,0,0,0
90001110,159919PCM004300,沪深300ETF沽12月4300,159919,,2212,,10000,4.3000,20220428,20221228,20221228,20221228,EP0000000000S0000,11582.0000,,,0,0,0,0,0
90001111,159919CCM004400,沪深300ETF购12月4400,159919,,2212,,10000,4.4000,20220505,20221228,20221228,20221228,EC0000000000S0000,2528.5000,,,0,0,0,0,0
90001112,159919PCM004400,沪深300ETF沽12月4400,159919,,2212,,10000,4.4000,20220505,20221228,20221228,20221228,EP0000000000S0000,12541.0000,,,0,0,0,0,0
90001113,159919CCM004500,沪深300ETF购12月4500,159919,,2212,,10000,4.5000,20220523,20221228,20221228,20221228,EC0000000000S0000,2518.5000,,,0,0,0,0,0
90001114,159919PCM004500,沪深300ETF沽12月4500,159919,,2212,,10000,4.5000,20220523,20221228,20221228,20221228,EP0000000000S0000,13539.0000,,,0,0,0,0,0
90001137,159919CCM004600,沪深300ETF购12月4600,159919,,2212,,10000,4.6000,20220607,20221228,20221228,20221228,EC0000000000S0000,2512.5000,,,0,0,0,0,0
90001138,159919PCM004600,沪深300ETF沽12月4600,159919,,2212,,10000,4.6000,20220607,20221228,20221228,20221228,EP0000000000S0000,14537.0000,,,0,0,0,0,0
90001141,159919CCM004700,沪深300ETF购12月4700,159919,,2212,,10000,4.7000,20220616,20221228,20221228,20221228,EC0000000000S0000,2508.5000,,,0,0,0,0,0
90001142,159919PCM004700,沪深300ETF沽12月4700,159919,,2212,,10000,4.7000,20220616,20221228,20221228,20221228,EP0000000000S0000,15535.0000,,,0,0,0,0,0
90001165,159919CCM004800,沪深300ETF购12月4800,159919,,2212,,10000,4.8000,20220624,20221228,20221228,20221228,EC0000000000S0000,2506.5000,,,0,0,0,0,0
90001166,159919PCM004800,沪深300ETF沽12月4800,159919,,2212,,10000,4.8000,20220624,20221228,20221228,20221228,EP0000000000S0000,16533.0000,,,0,0,0,0,0
90001171,159919CCM004900,沪深300ETF购12月4900,159919,,2212,,10000,4.9000,20220628,20221228,20221228,20221228,EC0000000000S0000,2503.5000,,,0,0,0,0,0
90001172,159919PCM004900,沪深300ETF沽12月4900,159919,,2212,,10000,4.9000,20220628,20221228,20221228,20221228,EP0000000000S0000,17531.0000,,,0,0,0,0,0
90001173,159919C3M003900,沪深300ETF购3月3900,159919,,2303,,10000,3.9000,20220728,20230322,20230322,20230322,EC0000000000S0000,3380.5000,,,0,0,0,0,0
90001174,159919C3M004000,沪深300ETF购3月4000,159919,,2303,,10000,4.0000,20220728,20230322,20230322,20230322,EC0000000000S0000,3164.5000,,,0,0,0,0,0
90001175,159919C3M004100,沪深300ETF购3月4100,159919,,2303,,10000,4.1000,20220728,20230322,20230322,20230322,EC0000000000S0000,2999.5000,,,0,0,0,0,0
90001176,159919C3M004200,沪深300ETF购3月4200,159919,,2303,,10000,4.2000,20220728,20230322,20230322,20230322,EC0000000000S0000,2872.5000,,,0,0,0,0,0
90001177,159919C3M004300,沪深300ETF购3月4300,159919,,2303,,10000,4.3000,20220728,20230322,20230322,20230322,EC0000000000S0000,2778.5000,,,0,0,0,0,0
90001178,159919C3M004400,沪深300ETF购3月4400,159919,,2303,,10000,4.4000,20220728,20230322,20230322,20230322,EC0000000000S0000,2707.5000,,,0,0,0,0,0
90001179,159919C3M004500,沪深300ETF购3月4500,159919,,2303,,10000,4.5000,20220728,20230322,20230322,20230322,EC0000000000S0000,2654.5000,,,0,0,0,0,0
90001180,159919C3M004600,沪深300ETF购3月4600,159919,,2303,,10000,4.6000,20220728,20230322,20230322,20230322,EC0000000000S0000,2618.5000,,,0,0,0,0,0
90001181,159919C3M004700,沪深300ETF购3月4700,159919,,2303,,10000,4.7000,20220728,20230322,20230322,20230322,EC0000000000S0000,2591.5000,,,0,0,0,0,0
90001182,159919P3M003900,沪深300ETF沽3月3900,159919,,2303,,10000,3.9000,20220728,20230322,20230322,20230322,EP0000000000S0000,8337.0000,,,0,0,0,0,0
90001183,159919P3M004000,沪深300ETF沽3月4000,159919,,2303,,10000,4.0000,20220728,20230322,20230322,20230322,EP0000000000S0000,9067.0000,,,0,0,0,0,0
90001184,159919P3M004100,沪深300ETF沽3月4100,159919,,2303,,10000,4.1000,20220728,20230322,20230322,20230322,EP0000000000S0000,9926.0000,,,0,0,0,0,0
90001185,159919P3M004200,沪深300ETF沽3月4200,159919,,2303,,10000,4.2000,20220728,20230322,20230322,20230322,EP0000000000S0000,10809.0000,,,0,0,0,0,0
90001186,159919P3M004300,沪深300ETF沽3月4300,159919,,2303,,10000,4.3000,20220728,20230322,20230322,20230322,EP0000000000S0000,11702.0000,,,0,0,0,0,0
90001187,159919P3M004400,沪深300ETF沽3月4400,159919,,2303,,10000,4.4000,20220728,20230322,20230322,20230322,EP0000000000S0000,12626.0000,,,0,0,0,0,0
90001188,159919P3M004500,沪深300ETF沽3月4500,159919,,2303,,10000,4.5000,20220728,20230322,20230322,20230322,EP0000000000S0000,13566.0000,,,0,0,0,0,0
90001189,159919P3M004600,沪深300ETF沽3月4600,159919,,2303,,10000,4.6000,20220728,20230322,20230322,20230322,EP0000000000S0000,14537.0000,,,0,0,0,0,0
90001190,159919P3M004700,沪深300ETF沽3月4700,159919,,2303,,10000,4.7000,20220728,20230322,20230322,20230322,EP0000000000S0000,15535.0000,,,0,0,0,0,0
90001193,159919C3M003800,沪深300ETF购3月3800,159919,,2303,,10000,3.8000,20220801,20230322,20230322,20230322,EC0000000000S0000,3656.5000,,,0,0,0,0,0
90001194,159919P3M003800,沪深300ETF沽3月3800,159919,,2303,,10000,3.8000,20220801,20230322,20230322,20230322,EP0000000000S0000,7605.0000,,,0,0,0,0,0
90001197,159919C3M003700,沪深300ETF购3月3700,159919,,2303,,10000,3.7000,20220804,20230322,20230322,20230322,EC0000000000S0000,4432.0000,,,0,0,0,0,0
90001198,159919P3M003700,沪深300ETF沽3月3700,159919,,2303,,10000,3.7000,20220804,20230322,20230322,20230322,EP0000000000S0000,6957.0000,,,0,0,0,0,0
90001237,159915CBM002100,创业板ETF购11月2100,159915,,2211,,10000,2.1000,20220919,20221123,20221123,20221123,EC0000000000S0000,3996.4000,,,0,0,0,0,0
90001238,159915CBM002150,创业板ETF购11月2150,159915,,2211,,10000,2.1500,20220919,20221123,20221123,20221123,EC0000000000S0000,3656.4000,,,0,0,0,0,0
90001239,159915CBM002200,创业板ETF购11月2200,159915,,2211,,10000,2.2000,20220919,20221123,20221123,20221123,EC0000000000S0000,3382.4000,,,0,0,0,0,0
90001240,159915CBM002250,创业板ETF购11月2250,159915,,2211,,10000,2.2500,20220919,20221123,20221123,20221123,EC0000000000S0000,2681.4000,,,0,0,0,0,0
90001241,159915CBM002300,创业板ETF购11月2300,159915,,2211,,10000,2.3000,20220919,20221123,20221123,20221123,EC0000000000S0000,2007.4000,,,0,0,0,0,0
90001242,159915CBM002350,创业板ETF购11月2350,159915,,2211,,10000,2.3500,20220919,20221123,20221123,20221123,EC0000000000S0000,1763.4000,,,0,0,0,0,0
90001243,159915CBM002400,创业板ETF购11月2400,159915,,2211,,10000,2.4000,20220919,20221123,20221123,20221123,EC0000000000S0000,1685.4000,,,0,0,0,0,0
90001244,159915CBM002450,创业板ETF购11月2450,159915,,2211,,10000,2.4500,20220919,20221123,20221123,20221123,EC0000000000S0000,1628.4000,,,0,0,0,0,0
90001245,159915CBM002500,创业板ETF购11月2500,159915,,2211,,10000,2.5000,20220919,20221123,20221123,20221123,EC0000000000S0000,1591.4000,,,0,0,0,0,0
90001246,159915PBM002100,创业板ETF沽11月2100,159915,,2211,,10000,2.1000,20220919,20221123,20221123,20221123,EP0000000000S0000,1972.4000,,,0,0,0,0,0
90001247,159915PBM002150,创业板ETF沽11月2150,159915,,2211,,10000,2.1500,20220919,20221123,20221123,20221123,EP0000000000S0000,2642.4000,,,0,0,0,0,0
90001248,159915PBM002200,创业板ETF沽11月2200,159915,,2211,,10000,2.2000,20220919,20221123,20221123,20221123,EP0000000000S0000,3359.4000,,,0,0,0,0,0
90001249,159915PBM002250,创业板ETF沽11月2250,159915,,2211,,10000,2.2500,20220919,20221123,20221123,20221123,EP0000000000S0000,3648.4000,,,0,0,0,0,0
90001250,159915PBM002300,创业板ETF沽11月2300,159915,,2211,,10000,2.3000,20220919,20221123,20221123,20221123,EP0000000000S0000,3980.4000,,,0,0,0,0,0
90001251,159915PBM002350,创业板ETF沽11月2350,159915,,2211,,10000,2.3500,20220919,20221123,20221123,20221123,EP0000000000S0000,4388.4000,,,0,0,0,0,0
90001252,159915PBM002400,创业板ETF沽11月2400,159915,,2211,,10000,2.4000,20220919,20221123,20221123,20221123,EP0000000000S0000,4772.4000,,,0,0,0,0,0
90001253,159915PBM002450,创业板ETF沽11月2450,159915,,2211,,10000,2.4500,20220919,20221123,20221123,20221123,EP0000000000S0000,5255.4000,,,0,0,0,0,0
90001254,159915PBM002500,创业板ETF沽11月2500,159915,,2211,,10000,2.5000,20220919,20221123,20221123,20221123,EP0000000000S0000,5688.4000,,,0,0,0,0,0
90001255,159915CCM002100,创业板ETF购12月2100,159915,,2212,,10000,2.1000,20220919,20221228,20221228,20221228,EC0000000000S0000,4274.4000,,,0,0,0,0,0
90001256,159915CCM002150,创业板ETF购12月2150,159915,,2212,,10000,2.1500,20220919,20221228,20221228,20221228,EC0000000000S0000,4026.4000,,,0,0,0,0,0
90001257,159915CCM002200,创业板ETF购12月2200,159915,,2212,,10000,2.2000,20220919,20221228,20221228,20221228,EC0000000000S0000,3695.4000,,,0,0,0,0,0
90001258,159915CCM002250,创业板ETF购12月2250,159915,,2212,,10000,2.2500,20220919,20221228,20221228,20221228,EC0000000000S0000,2993.4000,,,0,0,0,0,0
90001259,159915CCM002300,创业板ETF购12月2300,159915,,2212,,10000,2.3000,20220919,20221228,20221228,20221228,EC0000000000S0000,2299.4000,,,0,0,0,0,0
90001260,159915CCM002350,创业板ETF购12月2350,159915,,2212,,10000,2.3500,20220919,20221228,20221228,20221228,EC0000000000S0000,2024.4000,,,0,0,0,0,0
90001261,159915CCM002400,创业板ETF购12月2400,159915,,2212,,10000,2.4000,20220919,20221228,20221228,20221228,EC0000000000S0000,1893.4000,,,0,0,0,0,0
90001262,159915CCM002450,创业板ETF购12月2450,159915,,2212,,10000,2.4500,20220919,20221228,20221228,20221228,EC0000000000S0000,1801.4000,,,0,0,0,0,0
90001263,159915CCM002500,创业板ETF购12月2500,159915,,2212,,10000,2.5000,20220919,20221228,20221228,20221228,EC0000000000S0000,1731.4000,,,0,0,0,0,0
90001264,159915PCM002100,创业板ETF沽12月2100,159915,,2212,,10000,2.1000,20220919,20221228,20221228,20221228,EP0000000000S0000,2269.4000,,,0,0,0,0,0
90001265,159915PCM002150,创业板ETF沽12月2150,159915,,2212,,10000,2.1500,20220919,20221228,20221228,20221228,EP0000000000S0000,2963.4000,,,0,0,0,0,0
90001266,159915PCM002200,创业板ETF沽12月2200,159915,,2212,,10000,2.2000,20220919,20221228,20221228,20221228,EP0000000000S0000,3694.4000,,,0,0,0,0,0
90001267,159915PCM002250,创业板ETF沽12月2250,159915,,2212,,10000,2.2500,20220919,20221228,20221228,20221228,EP0000000000S0000,3981.4000,,,0,0,0,0,0
90001268,159915PCM002300,创业板ETF沽12月2300,159915,,2212,,10000,2.3000,20220919,20221228,20221228,20221228,EP0000000000S0000,4287.4000,,,0,0,0,0,0
90001269,159915PCM002350,创业板ETF沽12月2350,159915,,2212,,10000,2.3500,20220919,20221228,20221228,20221228,EP0000000000S0000,4630.4000,,,0,0,0,0,0
90001270,159915PCM002400,创业板ETF沽12月2400,159915,,2212,,10000,2.4000,20220919,20221228,20221228,20221228,EP0000000000S0000,5007.4000,,,0,0,0,0,0
90001271,159915PCM002450,创业板ETF沽12月2450,159915,,2212,,10000,2.4500,20220919,20221228,20221228,20221228,EP0000000000S0000,5392.4000,,,0,0,0,0,0
90001272,159915PCM002500,创业板ETF沽12月2500,159915,,2212,,10000,2.5000,20220919,20221228,20221228,20221228,EP0000000000S0000,5817.4000,,,0,0,0,0,0
90001273,159915C3M002100,创业板ETF购3月2100,159915,,2303,,10000,2.1000,20220919,20230322,20230322,20230322,EC0000000000S0000,4747.4000,,,0,0,0,0,0
90001274,159915C3M002150,创业板ETF购3月2150,159915,,2303,,10000,2.1500,20220919,20230322,20230322,20230322,EC0000000000S0000,4471.4000,,,0,0,0,0,0
90001275,159915C3M002200,创业板ETF购3月2200,159915,,2303,,10000,2.2000,20220919,20230322,20230322,20230322,EC0000000000S0000,4207.4000,,,0,0,0,0,0
90001276,159915C3M002250,创业板ETF购3月2250,159915,,2303,,10000,2.2500,20220919,20230322,20230322,20230322,EC0000000000S0000,3498.4000,,,0,0,0,0,0
90001277,159915C3M002300,创业板ETF购3月2300,159915,,2303,,10000,2.3000,20220919,20230322,20230322,20230322,EC0000000000S0000,2794.4000,,,0,0,0,0,0
90001278,159915C3M002350,创业板ETF购3月2350,159915,,2303,,10000,2.3500,20220919,20230322,20230322,20230322,EC0000000000S0000,2490.4000,,,0,0,0,0,0
90001279,159915C3M002400,创业板ETF购3月2400,159915,,2303,,10000,2.4000,20220919,20230322,20230322,20230322,EC0000000000S0000,2337.4000,,,0,0,0,0,0
90001280,159915C3M002450,创业板ETF购3月2450,159915,,2303,,10000,2.4500,20220919,20230322,20230322,20230322,EC0000000000S0000,2195.4000,,,0,0,0,0,0
90001281,159915C3M002500,创业板ETF购3月2500,159915,,2303,,10000,2.5000,20220919,20230322,20230322,20230322,EC0000000000S0000,2079.4000,,,0,0,0,0,0
90001282,159915P3M002100,创业板ETF沽3月2100,159915,,2303,,10000,2.1000,20220919,20230322,20230322,20230322,EP0000000000S0000,2763.4000,,,0,0,0,0,0
90001283,159915P3M002150,创业板ETF沽3月2150,159915,,2303,,10000,2.1500,20220919,20230322,20230322,20230322,EP0000000000S0000,3489.4000,,,0,0,0,0,0
90001284,159915P3M002200,创业板ETF沽3月2200,159915,,2303,,10000,2.2000,20220919,20230322,20230322,20230322,EP0000000000S0000,4238.4000,,,0,0,0,0,0
90001285,159915P3M002250,创业板ETF沽3月2250,159915,,2303,,10000,2.2500,20220919,20230322,20230322,20230322,EP0000000000S0000,4514.4000,,,0,0,0,0,0
90001286,159915P3M002300,创业板ETF沽3月2300,159915,,2303,,10000,2.3000,20220919,20230322,20230322,20230322,EP0000000000S0000,4808.4000,,,0,0,0,0,0
90001287,159915P3M002350,创业板ETF沽3月2350,159915,,2303,,10000,2.3500,20220919,20230322,20230322,20230322,EP0000000000S0000,5123.4000,,,0,0,0,0,0
90001288,159915P3M002400,创业板ETF沽3月2400,159915,,2303,,10000,2.4000,20220919,20230322,20230322,20230322,EP0000000000S0000,5461.4000,,,0,0,0,0,0
90001289,159915P3M002450,创业板ETF沽3月2450,159915,,2303,,10000,2.4500,20220919,20230322,20230322,20230322,EP0000000000S0000,5820.4000,,,0,0,0,0,0
90001290,159915P3M002500,创业板ETF沽3月2500,159915,,2303,,10000,2.5000,20220919,20230322,20230322,20230322,EP0000000000S0000,6198.4000,,,0,0,0,0,0
90001309,159922CBM005000,中证500ETF购11月5000,159922,,2211,,10000,5.0000,20220919,20221123,20221123,20221123,EC0000000000S0000,16385.6000,,,0,0,0,0,0
90001310,159922CBM005250,中证500ETF购11月5250,159922,,2211,,10000,5.2500,20220919,20221123,20221123,20221123,EC0000000000S0000,13931.6000,,,0,0,0,0,0
90001311,159922CBM005500,中证500ETF购11月5500,159922,,2211,,10000,5.5000,20220919,20221123,20221123,20221123,EC0000000000S0000,11628.6000,,,0,0,0,0,0
90001312,159922CBM005750,中证500ETF购11月5750,159922,,2211,,10000,5.7500,20220919,20221123,20221123,20221123,EC0000000000S0000,9666.6000,,,0,0,0,0,0
90001313,159922CBM006000,中证500ETF购11月6000,159922,,2211,,10000,6.0000,20220919,20221123,20221123,20221123,EC0000000000S0000,7398.6000,,,0,0,0,0,0
90001314,159922CBM006250,中证500ETF购11月6250,159922,,2211,,10000,6.2500,20220919,20221123,20221123,20221123,EC0000000000S0000,4544.6000,,,0,0,0,0,0
90001315,159922CBM006500,中证500ETF购11月6500,159922,,2211,,10000,6.5000,20220919,20221123,20221123,20221123,EC0000000000S0000,4269.6000,,,0,0,0,0,0
90001316,159922CBM006750,中证500ETF购11月6750,159922,,2211,,10000,6.7500,20220919,20221123,20221123,20221123,EC0000000000S0000,4177.6000,,,0,0,0,0,0
90001317,159922CBM007000,中证500ETF购11月7000,159922,,2211,,10000,7.0000,20220919,20221123,20221123,20221123,EC0000000000S0000,4155.6000,,,0,0,0,0,0
90001318,159922PBM005000,中证500ETF沽11月5000,159922,,2211,,10000,5.0000,20220919,20221123,20221123,20221123,EP0000000000S0000,3562.0000,,,0,0,0,0,0
90001319,159922PBM005250,中证500ETF沽11月5250,159922,,2211,,10000,5.2500,20220919,20221123,20221123,20221123,EP0000000000S0000,3812.0000,,,0,0,0,0,0
90001320,159922PBM005500,中证500ETF沽11月5500,159922,,2211,,10000,5.5000,20220919,20221123,20221123,20221123,EP0000000000S0000,4203.0000,,,0,0,0,0,0
90001321,159922PBM005750,中证500ETF沽11月5750,159922,,2211,,10000,5.7500,20220919,20221123,20221123,20221123,EP0000000000S0000,6287.6000,,,0,0,0,0,0
90001322,159922PBM006000,中证500ETF沽11月6000,159922,,2211,,10000,6.0000,20220919,20221123,20221123,20221123,EP0000000000S0000,9077.6000,,,0,0,0,0,0
90001323,159922PBM006250,中证500ETF沽11月6250,159922,,2211,,10000,6.2500,20220919,20221123,20221123,20221123,EP0000000000S0000,10816.6000,,,0,0,0,0,0
90001324,159922PBM006500,中证500ETF沽11月6500,159922,,2211,,10000,6.5000,20220919,20221123,20221123,20221123,EP0000000000S0000,13069.6000,,,0,0,0,0,0
90001325,159922PBM006750,中证500ETF沽11月6750,159922,,2211,,10000,6.7500,20220919,20221123,20221123,20221123,EP0000000000S0000,15481.6000,,,0,0,0,0,0
90001326,159922PBM007000,中证500ETF沽11月7000,159922,,2211,,10000,7.0000,20220919,20221123,20221123,20221123,EP0000000000S0000,17946.6000,,,0,0,0,0,0
90001327,159922CCM005000,中证500ETF购12月5000,159922,,2212,,10000,5.0000,20220919,20221228,20221228,20221228,EC0000000000S0000,16545.6000,,,0,0,0,0,0
90001328,159922CCM005250,中证500ETF购12月5250,159922,,2212,,10000,5.2500,20220919,20221228,20221228,20221228,EC0000000000S0000,14143.6000,,,0,0,0,0,0
90001329,159922CCM005500,中证500ETF购12月5500,159922,,2212,,10000,5.5000,20220919,20221228,20221228,20221228,EC0000000000S0000,11930.6000,,,0,0,0,0,0
90001330,159922CCM005750,中证500ETF购12月5750,159922,,2212,,10000,5.7500,20220919,20221228,20221228,20221228,EC0000000000S0000,10179.6000,,,0,0,0,0,0
90001331,159922CCM006000,中证500ETF购12月6000,159922,,2212,,10000,6.0000,20220919,20221228,20221228,20221228,EC0000000000S0000,8044.6000,,,0,0,0,0,0
90001332,159922CCM006250,中证500ETF购12月6250,159922,,2212,,10000,6.2500,20220919,20221228,20221228,20221228,EC0000000000S0000,5062.6000,,,0,0,0,0,0
90001333,159922CCM006500,中证500ETF购12月6500,159922,,2212,,10000,6.5000,20220919,20221228,20221228,20221228,EC0000000000S0000,4583.6000,,,0,0,0,0,0
90001334,159922CCM006750,中证500ETF购12月6750,159922,,2212,,10000,6.7500,20220919,20221228,20221228,20221228,EC0000000000S0000,4350.6000,,,0,0,0,0,0
90001335,159922CCM007000,中证500ETF购12月7000,159922,,2212,,10000,7.0000,20220919,20221228,20221228,20221228,EC0000000000S0000,4238.6000,,,0,0,0,0,0
90001336,159922PCM005000,中证500ETF沽12月5000,159922,,2212,,10000,5.0000,20220919,20221228,20221228,20221228,EP0000000000S0000,3698.0000,,,0,0,0,0,0
90001337,159922PCM005250,中证500ETF沽12月5250,159922,,2212,,10000,5.2500,20220919,20221228,20221228,20221228,EP0000000000S0000,4086.0000,,,0,0,0,0,0
90001338,159922PCM005500,中证500ETF沽12月5500,159922,,2212,,10000,5.5000,20220919,20221228,20221228,20221228,EP0000000000S0000,4669.0000,,,0,0,0,0,0
90001339,159922PCM005750,中证500ETF沽12月5750,159922,,2212,,10000,5.7500,20220919,20221228,20221228,20221228,EP0000000000S0000,7002.6000,,,0,0,0,0,0
90001340,159922PCM006000,中证500ETF沽12月6000,159922,,2212,,10000,6.0000,20220919,20221228,20221228,20221228,EP0000000000S0000,9872.6000,,,0,0,0,0,0
90001341,159922PCM006250,中证500ETF沽12月6250,159922,,2212,,10000,6.2500,20220919,20221228,20221228,20221228,EP0000000000S0000,11476.6000,,,0,0,0,0,0
90001342,159922PCM006500,中证500ETF沽12月6500,159922,,2212,,10000,6.5000,20220919,20221228,20221228,20221228,EP0000000000S0000,13484.6000,,,0,0,0,0,0
90001343,159922PCM006750,中证500ETF沽12月6750,159922,,2212,,10000,6.7500,20220919,20221228,20221228,20221228,EP0000000000S0000,15784.6000,,,0,0,0,0,0
90001344,159922PCM007000,中证500ETF沽12月7000,159922,,2212,,10000,7.0000,20220919,20221228,20221228,20221228,EP0000000000S0000,18118.6000,,,0,0,0,0,0
90001345,159922C3M005000,中证500ETF购3月5000,159922,,2303,,10000,5.0000,20220919,20230322,20230322,20230322,EC0000000000S0000,16901.6000,,,0,0,0,0,0
90001346,159922C3M005250,中证500ETF购3月5250,159922,,2303,,10000,5.2500,20220919,20230322,20230322,20230322,EC0000000000S0000,14532.6000,,,0,0,0,0,0
90001347,159922C3M005500,中证500ETF购3月5500,159922,,2303,,10000,5.5000,20220919,20230322,20230322,20230322,EC0000000000S0000,12349.6000,,,0,0,0,0,0
90001348,159922C3M005750,中证500ETF购3月5750,159922,,2303,,10000,5.7500,20220919,20230322,20230322,20230322,EC0000000000S0000,10862.6000,,,0,0,0,0,0
90001349,159922C3M006000,中证500ETF购3月6000,159922,,2303,,10000,6.0000,20220919,20230322,20230322,20230322,EC0000000000S0000,8860.6000,,,0,0,0,0,0
90001350,159922C3M006250,中证500ETF购3月6250,159922,,2303,,10000,6.2500,20220919,20230322,20230322,20230322,EC0000000000S0000,5850.6000,,,0,0,0,0,0
90001351,159922C3M006500,中证500ETF购3月6500,159922,,2303,,10000,6.5000,20220919,20230322,20230322,20230322,EC0000000000S0000,5228.6000,,,0,0,0,0,0
90001352,159922C3M006750,中证500ETF购3月6750,159922,,2303,,10000,6.7500,20220919,20230322,20230322,20230322,EC0000000000S0000,4819.6000,,,0,0,0,0,0
90001353,159922C3M007000,中证500ETF购3月7000,159922,,2303,,10000,7.0000,20220919,20230322,20230322,20230322,EC0000000000S0000,4560.6000,,,0,0,0,0,0
90001354,159922P3M005000,中证500ETF沽3月5000,159922,,2303,,10000,5.0000,20220919,20230322,20230322,20230322,EP0000000000S0000,4196.0000,,,0,0,0,0,0
90001355,159922P3M005250,中证500ETF沽3月5250,159922,,2303,,10000,5.2500,20220919,20230322,20230322,20230322,EP0000000000S0000,4849.0000,,,0,0,0,0,0
90001356,159922P3M005500,中证500ETF沽3月5500,159922,,2303,,10000,5.5000,20220919,20230322,20230322,20230322,EP0000000000S0000,5710.0000,,,0,0,0,0,0
90001357,159922P3M005750,中证500ETF沽3月5750,159922,,2303,,10000,5.7500,20220919,20230322,20230322,20230322,EP0000000000S0000,8297.6000,,,0,0,0,0,0
90001358,159922P3M006000,中证500ETF沽3月6000,159922,,2303,,10000,6.0000,20220919,20230322,20230322,20230322,EP0000000000S0000,11275.6000,,,0,0,0,0,0
90001359,159922P3M006250,中证500ETF沽3月6250,159922,,2303,,10000,6.2500,20220919,20230322,20230322,20230322,EP0000000000S0000,12875.6000,,,0,0,0,0,0
90001360,159922P3M006500,中证500ETF沽3月6500,159922,,2303,,10000,6.5000,20220919,20230322,20230322,20230322,EP0000000000S0000,14738.6000,,,0,0,0,0,0
90001361,159922P3M006750,中证500ETF沽3月6750,159922,,2303,,10000,6.7500,20220919,20230322,20230322,20230322,EP0000000000S0000,16804.6000,,,0,0,0,0,0
90001362,159922P3M007000,中证500ETF沽3月7000,159922,,2303,,10000,7.0000,20220919,20230322,20230322,20230322,EP0000000000S0000,19020.6000,,,0,0,0,0,0
90001365,159919C3M003600,沪深300ETF购3月3600,159919,,2303,,10000,3.6000,20220919,20230322,20230322,20230322,EC0000000000S0000,5835.0000,,,0,0,0,0,0
90001366,159919P3M003600,沪深300ETF沽3月3600,159919,,2303,,10000,3.6000,20220919,20230322,20230322,20230322,EP0000000000S0000,6419.0000,,,0,0,0,0,0
90001369,159915CBM002050,创业板ETF购11月2050,159915,,2211,,10000,2.0500,20220922,20221123,20221123,20221123,EC0000000000S0000,4377.4000,,,0,0,0,0,0
90001370,159915PBM002050,创业板ETF沽11月2050,159915,,2211,,10000,2.0500,20220922,20221123,20221123,20221123,EP0000000000S0000,1675.0000,,,0,0,0,0,0
90001371,159915CCM002050,创业板ETF购12月2050,159915,,2212,,10000,2.0500,20220922,20221228,20221228,20221228,EC0000000000S0000,4612.4000,,,0,0,0,0,0
90001372,159915PCM002050,创业板ETF沽12月2050,159915,,2212,,10000,2.0500,20220922,20221228,20221228,20221228,EP0000000000S0000,1921.0000,,,0,0,0,0,0
90001373,159915C3M002050,创业板ETF购3月2050,159915,,2303,,10000,2.0500,20220922,20230322,20230322,20230322,EC0000000000S0000,5048.4000,,,0,0,0,0,0
90001374,159915P3M002050,创业板ETF沽3月2050,159915,,2303,,10000,2.0500,20220922,20230322,20230322,20230322,EP0000000000S0000,2387.0000,,,0,0,0,0,0
90001377,159919C3M003500,沪深300ETF购3月3500,159919,,2303,,10000,3.5000,20220923,20230322,20230322,20230322,EC0000000000S0000,6702.0000,,,0,0,0,0,0
90001378,159919P3M003500,沪深300ETF沽3月3500,159919,,2303,,10000,3.5000,20220923,20230322,20230322,20230322,EP0000000000S0000,5282.0000,,,0,0,0,0,0
90001379,159919CBM003500,沪深300ETF购11月3500,159919,,2211,,10000,3.5000,20220929,20221123,20221123,20221123,EC0000000000S0000,5570.0000,,,0,0,0,0,0
90001380,159919CBM003600,沪深300ETF购11月3600,159919,,2211,,10000,3.6000,20220929,20221123,20221123,20221123,EC0000000000S0000,4677.0000,,,0,0,0,0,0
90001381,159919CBM003700,沪深300ETF购11月3700,159919,,2211,,10000,3.7000,20220929,20221123,20221123,20221123,EC0000000000S0000,3320.0000,,,0,0,0,0,0
90001382,159919CBM003800,沪深300ETF购11月3800,159919,,2211,,10000,3.8000,20220929,20221123,20221123,20221123,EC0000000000S0000,2686.5000,,,0,0,0,0,0
90001383,159919CBM003900,沪深300ETF购11月3900,159919,,2211,,10000,3.9000,20220929,20221123,20221123,20221123,EC0000000000S0000,2581.5000,,,0,0,0,0,0
90001384,159919CBM004000,沪深300ETF购11月4000,159919,,2211,,10000,4.0000,20220929,20221123,20221123,20221123,EC0000000000S0000,2535.5000,,,0,0,0,0,0
90001385,159919CBM004100,沪深300ETF购11月4100,159919,,2211,,10000,4.1000,20220929,20221123,20221123,20221123,EC0000000000S0000,2514.5000,,,0,0,0,0,0
90001386,159919CBM004200,沪深300ETF购11月4200,159919,,2211,,10000,4.2000,20220929,20221123,20221123,20221123,EC0000000000S0000,2506.5000,,,0,0,0,0,0
90001387,159919CBM004300,沪深300ETF购11月4300,159919,,2211,,10000,4.3000,20220929,20221123,20221123,20221123,EC0000000000S0000,2504.5000,,,0,0,0,0,0
90001388,159919PBM003500,沪深300ETF沽11月3500,159919,,2211,,10000,3.5000,20220929,20221123,20221123,20221123,EP0000000000S0000,4238.0000,,,0,0,0,0,0
90001389,159919PBM003600,沪深300ETF沽11月3600,159919,,2211,,10000,3.6000,20220929,20221123,20221123,20221123,EP0000000000S0000,5343.0000,,,0,0,0,0,0
90001390,159919PBM003700,沪深300ETF沽11月3700,159919,,2211,,10000,3.7000,20220929,20221123,20221123,20221123,EP0000000000S0000,5998.0000,,,0,0,0,0,0
90001391,159919PBM003800,沪深300ETF沽11月3800,159919,,2211,,10000,3.8000,20220929,20221123,20221123,20221123,EP0000000000S0000,6791.0000,,,0,0,0,0,0
90001392,159919PBM003900,沪深300ETF沽11月3900,159919,,2211,,10000,3.9000,20220929,20221123,20221123,20221123,EP0000000000S0000,7691.0000,,,0,0,0,0,0
90001393,159919PBM004000,沪深300ETF沽11月4000,159919,,2211,,10000,4.0000,20220929,20221123,20221123,20221123,EP0000000000S0000,8611.0000,,,0,0,0,0,0
90001394,159919PBM004100,沪深300ETF沽11月4100,159919,,2211,,10000,4.1000,20220929,20221123,20221123,20221123,EP0000000000S0000,9633.0000,,,0,0,0,0,0
90001395,159919PBM004200,沪深300ETF沽11月4200,159919,,2211,,10000,4.2000,20220929,20221123,20221123,20221123,EP0000000000S0000,10586.0000,,,0,0,0,0,0
90001396,159919PBM004300,沪深300ETF沽11月4300,159919,,2211,,10000,4.3000,20220929,20221123,20221123,20221123,EP0000000000S0000,11557.0000,,,0,0,0,0,0
90001399,159915CBM002000,创业板ETF购11月2000,159915,,2211,,10000,2.0000,20221010,20221123,20221123,20221123,EC0000000000S0000,4791.4000,,,0,0,0,0,0
90001400,159915PBM002000,创业板ETF沽11月2000,159915,,2211,,10000,2.0000,20221010,20221123,20221123,20221123,EP0000000000S0000,1546.0000,,,0,0,0,0,0
90001401,159915CCM002000,创业板ETF购12月2000,159915,,2212,,10000,2.0000,20221010,20221228,20221228,20221228,EC0000000000S0000,4960.4000,,,0,0,0,0,0
90001402,159915PCM002000,创业板ETF沽12月2000,159915,,2212,,10000,2.0000,20221010,20221228,20221228,20221228,EP0000000000S0000,1766.0000,,,0,0,0,0,0
90001403,159915C3M002000,创业板ETF购3月2000,159915,,2303,,10000,2.0000,20221010,20230322,20230322,20230322,EC0000000000S0000,5376.4000,,,0,0,0,0,0
90001404,159915P3M002000,创业板ETF沽3月2000,159915,,2303,,10000,2.0000,20221010,20230322,20230322,20230322,EP0000000000S0000,2184.0000,,,0,0,0,0,0
90001407,159922CBM004900,中证500ETF购11月4900,159922,,2211,,10000,4.9000,20221010,20221123,20221123,20221123,EC0000000000S0000,17380.6000,,,0,0,0,0,0
90001408,159922PBM004900,中证500ETF沽11月4900,159922,,2211,,10000,4.9000,20221010,20221123,20221123,20221123,EP0000000000S0000,3473.0000,,,0,0,0,0,0
90001409,159922CCM004900,中证500ETF购12月4900,159922,,2212,,10000,4.9000,20221010,20221228,20221228,20221228,EC0000000000S0000,17529.6000,,,0,0,0,0,0
90001410,159922PCM004900,中证500ETF沽12月4900,159922,,2212,,10000,4.9000,20221010,20221228,20221228,20221228,EP0000000000S0000,3576.0000,,,0,0,0,0,0
90001411,159922C3M004900,中证500ETF购3月4900,159922,,2303,,10000,4.9000,20221010,20230322,20230322,20230322,EC0000000000S0000,17874.6000,,,0,0,0,0,0
90001412,159922P3M004900,中证500ETF沽3月4900,159922,,2303,,10000,4.9000,20221010,20230322,20230322,20230322,EP0000000000S0000,3989.0000,,,0,0,0,0,0
90001415,159915CBM001950,创业板ETF购11月1950,159915,,2211,,10000,1.9500,20221011,20221123,20221123,20221123,EC0000000000S0000,5245.4000,,,0,0,0,0,0
90001416,159915PBM001950,创业板ETF沽11月1950,159915,,2211,,10000,1.9500,20221011,20221123,20221123,20221123,EP0000000000S0000,1466.0000,,,0,0,0,0,0
90001417,159915CCM001950,创业板ETF购12月1950,159915,,2212,,10000,1.9500,20221011,20221228,20221228,20221228,EC0000000000S0000,5368.4000,,,0,0,0,0,0
90001418,159915PCM001950,创业板ETF沽12月1950,159915,,2212,,10000,1.9500,20221011,20221228,20221228,20221228,EP0000000000S0000,1636.0000,,,0,0,0,0,0
90001419,159915C3M001950,创业板ETF购3月1950,159915,,2303,,10000,1.9500,20221011,20230322,20230322,20230322,EC0000000000S0000,5730.4000,,,0,0,0,0,0
90001420,159915P3M001950,创业板ETF沽3月1950,159915,,2303,,10000,1.9500,20221011,20230322,20230322,20230322,EP0000000000S0000,2024.0000,,,0,0,0,0,0
90001423,159919CBM003400,沪深300ETF购11月3400,159919,,2211,,10000,3.4000,20221011,20221123,20221123,20221123,EC0000000000S0000,6282.0000,,,0,0,0,0,0
90001424,159919PBM003400,沪深300ETF沽11月3400,159919,,2211,,10000,3.4000,20221011,20221123,20221123,20221123,EP0000000000S0000,2964.0000,,,0,0,0,0,0
90001425,159919CCM003400,沪深300ETF购12月3400,159919,,2212,,10000,3.4000,20221011,20221228,20221228,20221228,EC0000000000S0000,6679.0000,,,0,0,0,0,0
90001426,159919PCM003400,沪深300ETF沽12月3400,159919,,2212,,10000,3.4000,20221011,20221228,20221228,20221228,EP0000000000S0000,3294.0000,,,0,0,0,0,0
90001427,159919C3M003400,沪深300ETF购3月3400,159919,,2303,,10000,3.4000,20221011,20230322,20230322,20230322,EC0000000000S0000,7288.0000,,,0,0,0,0,0
90001428,159919P3M003400,沪深300ETF沽3月3400,159919,,2303,,10000,3.4000,20221011,20230322,20230322,20230322,EP0000000000S0000,3875.0000,,,0,0,0,0,0
90001431,159915CBM002550,创业板ETF购11月2550,159915,,2211,,10000,2.5500,20221017,20221123,20221123,20221123,EC0000000000S0000,1569.4000,,,0,0,0,0,0
90001432,159915PBM002550,创业板ETF沽11月2550,159915,,2211,,10000,2.5500,20221017,20221123,20221123,20221123,EP0000000000S0000,6173.4000,,,0,0,0,0,0
90001433,159915CCM002550,创业板ETF购12月2550,159915,,2212,,10000,2.5500,20221017,20221228,20221228,20221228,EC0000000000S0000,1679.4000,,,0,0,0,0,0
90001434,159915PCM002550,创业板ETF沽12月2550,159915,,2212,,10000,2.5500,20221017,20221228,20221228,20221228,EP0000000000S0000,6261.4000,,,0,0,0,0,0
90001435,159915C3M002550,创业板ETF购3月2550,159915,,2303,,10000,2.5500,20221017,20230322,20230322,20230322,EC0000000000S0000,1983.4000,,,0,0,0,0,0
90001436,159915P3M002550,创业板ETF沽3月2550,159915,,2303,,10000,2.5500,20221017,20230322,20230322,20230322,EP0000000000S0000,6593.4000,,,0,0,0,0,0
90001439,159922CBM007250,中证500ETF购11月7250,159922,,2211,,10000,7.2500,20221019,20221123,20221123,20221123,EC0000000000S0000,4150.6000,,,0,0,0,0,0
90001440,159922PBM007250,中证500ETF沽11月7250,159922,,2211,,10000,7.2500,20221019,20221123,20221123,20221123,EP0000000000S0000,20393.6000,,,0,0,0,0,0
90001441,159922CCM007250,中证500ETF购12月7250,159922,,2212,,10000,7.2500,20221019,20221228,20221228,20221228,EC0000000000S0000,4190.6000,,,0,0,0,0,0
90001442,159922PCM007250,中证500ETF沽12月7250,159922,,2212,,10000,7.2500,20221019,20221228,20221228,20221228,EP0000000000S0000,20555.6000,,,0,0,0,0,0
90001443,159922C3M007250,中证500ETF购3月7250,159922,,2303,,10000,7.2500,20221019,20230322,20230322,20230322,EC0000000000S0000,4399.6000,,,0,0,0,0,0
90001444,159922P3M007250,中证500ETF沽3月7250,159922,,2303,,10000,7.2500,20221019,20230322,20230322,20230322,EP0000000000S0000,21333.6000,,,0,0,0,0,0
90001447,159919CBM003300,沪深300ETF购11月3300,159919,,2211,,10000,3.3000,20221025,20221123,20221123,20221123,EC0000000000S0000,7143.0000,,,0,0,0,0,0
90001448,159919PBM003300,沪深300ETF沽11月3300,159919,,2211,,10000,3.3000,20221025,20221123,20221123,20221123,EP0000000000S0000,2483.0000,,,0,0,0,0,0
90001449,159919CCM003300,沪深300ETF购12月3300,159919,,2212,,10000,3.3000,20221025,20221228,20221228,20221228,EC0000000000S0000,7444.0000,,,0,0,0,0,0
90001450,159919PCM003300,沪深300ETF沽12月3300,159919,,2212,,10000,3.3000,20221025,20221228,20221228,20221228,EP0000000000S0000,2742.0000,,,0,0,0,0,0
90001451,159919C3M003300,沪深300ETF购3月3300,159919,,2303,,10000,3.3000,20221025,20230322,20230322,20230322,EC0000000000S0000,7945.0000,,,0,0,0,0,0
90001452,159919P3M003300,沪深300ETF沽3月3300,159919,,2303,,10000,3.3000,20221025,20230322,20230322,20230322,EP0000000000S0000,3234.0000,,,0,0,0,0,0
90001453,159915C6M002100,创业板ETF购6月2100,159915,,2306,,10000,2.1000,20221027,20230628,20230628,20230628,EC0000000000S0000,5112.4000,,,0,0,0,0,0
90001454,159915C6M002150,创业板ETF购6月2150,159915,,2306,,10000,2.1500,20221027,20230628,20230628,20230628,EC0000000000S0000,4853.4000,,,0,0,0,0,0
90001455,159915C6M002200,创业板ETF购6月2200,159915,,2306,,10000,2.2000,20221027,20230628,20230628,20230628,EC0000000000S0000,4613.4000,,,0,0,0,0,0
90001456,159915C6M002250,创业板ETF购6月2250,159915,,2306,,10000,2.2500,20221027,20230628,20230628,20230628,EC0000000000S0000,3913.4000,,,0,0,0,0,0
90001457,159915C6M002300,创业板ETF购6月2300,159915,,2306,,10000,2.3000,20221027,20230628,20230628,20230628,EC0000000000S0000,3215.4000,,,0,0,0,0,0
90001458,159915C6M002350,创业板ETF购6月2350,159915,,2306,,10000,2.3500,20221027,20230628,20230628,20230628,EC0000000000S0000,2909.4000,,,0,0,0,0,0
90001459,159915C6M002400,创业板ETF购6月2400,159915,,2306,,10000,2.4000,20221027,20230628,20230628,20230628,EC0000000000S0000,2727.4000,,,0,0,0,0,0
90001460,159915C6M002450,创业板ETF购6月2450,159915,,2306,,10000,2.4500,20221027,20230628,20230628,20230628,EC0000000000S0000,2598.4000,,,0,0,0,0,0
90001461,159915C6M002500,创业板ETF购6月2500,159915,,2306,,10000,2.5000,20221027,20230628,20230628,20230628,EC0000000000S0000,2456.4000,,,0,0,0,0,0
90001462,159915P6M002100,创业板ETF沽6月2100,159915,,2306,,10000,2.1000,20221027,20230628,20230628,20230628,EP0000000000S0000,3154.4000,,,0,0,0,0,0
90001463,159915P6M002150,创业板ETF沽6月2150,159915,,2306,,10000,2.1500,20221027,20230628,20230628,20230628,EP0000000000S0000,3882.4000,,,0,0,0,0,0
90001464,159915P6M002200,创业板ETF沽6月2200,159915,,2306,,10000,2.2000,20221027,20230628,20230628,20230628,EP0000000000S0000,4616.4000,,,0,0,0,0,0
90001465,159915P6M002250,创业板ETF沽6月2250,159915,,2306,,10000,2.2500,20221027,20230628,20230628,20230628,EP0000000000S0000,4924.4000,,,0,0,0,0,0
90001466,159915P6M002300,创业板ETF沽6月2300,159915,,2306,,10000,2.3000,20221027,20230628,20230628,20230628,EP0000000000S0000,5215.4000,,,0,0,0,0,0
90001467,159915P6M002350,创业板ETF沽6月2350,159915,,2306,,10000,2.3500,20221027,20230628,20230628,20230628,EP0000000000S0000,5525.4000,,,0,0,0,0,0
90001468,159915P6M002400,创业板ETF沽6月2400,159915,,2306,,10000,2.4000,20221027,20230628,20230628,20230628,EP0000000000S0000,5855.4000,,,0,0,0,0,0
90001469,159915P6M002450,创业板ETF沽6月2450,159915,,2306,,10000,2.4500,20221027,20230628,20230628,20230628,EP0000000000S0000,6201.4000,,,0,0,0,0,0
90001470,159915P6M002500,创业板ETF沽6月2500,159915,,2306,,10000,2.5000,20221027,20230628,20230628,20230628,EP0000000000S0000,6562.4000,,,0,0,0,0,0
90001471,159919C6M003300,沪深300ETF购6月3300,159919,,2306,,10000,3.3000,20221027,20230628,20230628,20230628,EC0000000000S0000,8455.0000,,,0,0,0,0,0
90001472,159919C6M003400,沪深300ETF购6月3400,159919,,2306,,10000,3.4000,20221027,20230628,20230628,20230628,EC0000000000S0000,7829.0000,,,0,0,0,0,0
90001473,159919C6M003500,沪深300ETF购6月3500,159919,,2306,,10000,3.5000,20221027,20230628,20230628,20230628,EC0000000000S0000,7278.0000,,,0,0,0,0,0
90001474,159919C6M003600,沪深300ETF购6月3600,159919,,2306,,10000,3.6000,20221027,20230628,20230628,20230628,EC0000000000S0000,6442.0000,,,0,0,0,0,0
90001475,159919C6M003700,沪深300ETF购6月3700,159919,,2306,,10000,3.7000,20221027,20230628,20230628,20230628,EC0000000000S0000,5013.0000,,,0,0,0,0,0
90001476,159919C6M003800,沪深300ETF购6月3800,159919,,2306,,10000,3.8000,20221027,20230628,20230628,20230628,EC0000000000S0000,4194.5000,,,0,0,0,0,0
90001477,159919C6M003900,沪深300ETF购6月3900,159919,,2306,,10000,3.9000,20221027,20230628,20230628,20230628,EC0000000000S0000,3898.5000,,,0,0,0,0,0
90001478,159919C6M004000,沪深300ETF购6月4000,159919,,2306,,10000,4.0000,20221027,20230628,20230628,20230628,EC0000000000S0000,3634.5000,,,0,0,0,0,0
90001479,159919C6M004100,沪深300ETF购6月4100,159919,,2306,,10000,4.1000,20221027,20230628,20230628,20230628,EC0000000000S0000,3417.5000,,,0,0,0,0,0
90001480,159919P6M003300,沪深300ETF沽6月3300,159919,,2306,,10000,3.3000,20221027,20230628,20230628,20230628,EP0000000000S0000,3650.0000,,,0,0,0,0,0
90001481,159919P6M003400,沪深300ETF沽6月3400,159919,,2306,,10000,3.4000,20221027,20230628,20230628,20230628,EP0000000000S0000,4331.0000,,,0,0,0,0,0
90001482,159919P6M003500,沪深300ETF沽6月3500,159919,,2306,,10000,3.5000,20221027,20230628,20230628,20230628,EP0000000000S0000,5755.0000,,,0,0,0,0,0
90001483,159919P6M003600,沪深300ETF沽6月3600,159919,,2306,,10000,3.6000,20221027,20230628,20230628,20230628,EP0000000000S0000,6885.0000,,,0,0,0,0,0
90001484,159919P6M003700,沪深300ETF沽6月3700,159919,,2306,,10000,3.7000,20221027,20230628,20230628,20230628,EP0000000000S0000,7448.0000,,,0,0,0,0,0
90001485,159919P6M003800,沪深300ETF沽6月3800,159919,,2306,,10000,3.8000,20221027,20230628,20230628,20230628,EP0000000000S0000,8060.0000,,,0,0,0,0,0
90001486,159919P6M003900,沪深300ETF沽6月3900,159919,,2306,,10000,3.9000,20221027,20230628,20230628,20230628,EP0000000000S0000,8727.0000,,,0,0,0,0,0
90001487,159919P6M004000,沪深300ETF沽6月4000,159919,,2306,,10000,4.0000,20221027,20230628,20230628,20230628,EP0000000000S0000,9452.0000,,,0,0,0,0,0
90001488,159919P6M004100,沪深300ETF沽6月4100,159919,,2306,,10000,4.1000,20221027,20230628,20230628,20230628,EP0000000000S0000,10213.0000,,,0,0,0,0,0
90001489,159922C6M005000,中证500ETF购6月5000,159922,,2306,,10000,5.0000,20221027,20230628,20230628,20230628,EC0000000000S0000,17306.6000,,,0,0,0,0,0
90001490,159922C6M005250,中证500ETF购6月5250,159922,,2306,,10000,5.2500,20221027,20230628,20230628,20230628,EC0000000000S0000,14961.6000,,,0,0,0,0,0
90001491,159922C6M005500,中证500ETF购6月5500,159922,,2306,,10000,5.5000,20221027,20230628,20230628,20230628,EC0000000000S0000,12789.6000,,,0,0,0,0,0
90001492,159922C6M005750,中证500ETF购6月5750,159922,,2306,,10000,5.7500,20221027,20230628,20230628,20230628,EC0000000000S0000,11436.6000,,,0,0,0,0,0
90001493,159922C6M006000,中证500ETF购6月6000,159922,,2306,,10000,6.0000,20221027,20230628,20230628,20230628,EC0000000000S0000,9512.6000,,,0,0,0,0,0
90001494,159922C6M006250,中证500ETF购6月6250,159922,,2306,,10000,6.2500,20221027,20230628,20230628,20230628,EC0000000000S0000,6518.6000,,,0,0,0,0,0
90001495,159922C6M006500,中证500ETF购6月6500,159922,,2306,,10000,6.5000,20221027,20230628,20230628,20230628,EC0000000000S0000,5868.6000,,,0,0,0,0,0
90001496,159922C6M006750,中证500ETF购6月6750,159922,,2306,,10000,6.7500,20221027,20230628,20230628,20230628,EC0000000000S0000,5382.6000,,,0,0,0,0,0
90001497,159922C6M007000,中证500ETF购6月7000,159922,,2306,,10000,7.0000,20221027,20230628,20230628,20230628,EC0000000000S0000,5027.6000,,,0,0,0,0,0
90001498,159922P6M005000,中证500ETF沽6月5000,159922,,2306,,10000,5.0000,20221027,20230628,20230628,20230628,EP0000000000S0000,4831.0000,,,0,0,0,0,0
90001499,159922P6M005250,中证500ETF沽6月5250,159922,,2306,,10000,5.2500,20221027,20230628,20230628,20230628,EP0000000000S0000,5651.0000,,,0,0,0,0,0
90001500,159922P6M005500,中证500ETF沽6月5500,159922,,2306,,10000,5.5000,20221027,20230628,20230628,20230628,EP0000000000S0000,6689.0000,,,0,0,0,0,0
90001501,159922P6M005750,中证500ETF沽6月5750,159922,,2306,,10000,5.7500,20221027,20230628,20230628,20230628,EP0000000000S0000,9369.6000,,,0,0,0,0,0
90001502,159922P6M006000,中证500ETF沽6月6000,159922,,2306,,10000,6.0000,20221027,20230628,20230628,20230628,EP0000000000S0000,12413.6000,,,0,0,0,0,0
90001503,159922P6M006250,中证500ETF沽6月6250,159922,,2306,,10000,6.2500,20221027,20230628,20230628,20230628,EP0000000000S0000,14003.6000,,,0,0,0,0,0
90001504,159922P6M006500,中证500ETF沽6月6500,159922,,2306,,10000,6.5000,20221027,20230628,20230628,20230628,EP0000000000S0000,15805.6000,,,0,0,0,0,0
90001505,159922P6M006750,中证500ETF沽6月6750,159922,,2306,,10000,6.7500,20221027,20230628,20230628,20230628,EP0000000000S0000,17787.6000,,,0,0,0,0,0
90001506,159922P6M007000,中证500ETF沽6月7000,159922,,2306,,10000,7.0000,20221027,20230628,20230628,20230628,EP0000000000S0000,19887.6000,,,0,0,0,0,0
90001507,159915C6M002050,创业板ETF购6月2050,159915,,2306,,10000,2.0500,20221028,20230628,20230628,20230628,EC0000000000S0000,5401.4000,,,0,0,0,0,0
90001508,159915P6M002050,创业板ETF沽6月2050,159915,,2306,,10000,2.0500,20221028,20230628,20230628,20230628,EP0000000000S0000,2764.0000,,,0,0,0,0,0
90001509,159915C6M002000,创业板ETF购6月2000,159915,,2306,,10000,2.0000,20221031,20230628,20230628,20230628,EC0000000000S0000,5708.4000,,,0,0,0,0,0
90001510,159915P6M002000,创业板ETF沽6月2000,159915,,2306,,10000,2.0000,20221031,20230628,20230628,20230628,EP0000000000S0000,2541.0000,,,0,0,0,0,0
90001511,159919CBM003200,沪深300ETF购11月3200,159919,,2211,,10000,3.2000,20221031,20221123,20221123,20221123,EC0000000000S0000,8045.0000,,,0,0,0,0,0
90001512,159919PBM003200,沪深300ETF沽11月3200,159919,,2211,,10000,3.2000,20221031,20221123,20221123,20221123,EP0000000000S0000,2329.0000,,,0,0,0,0,0
90001513,159919CCM003200,沪深300ETF购12月3200,159919,,2212,,10000,3.2000,20221031,20221228,20221228,20221228,EC0000000000S0000,8317.0000,,,0,0,0,0,0
90001514,159919PCM003200,沪深300ETF沽12月3200,159919,,2212,,10000,3.2000,20221031,20221228,20221228,20221228,EP0000000000S0000,2515.0000,,,0,0,0,0,0
90001515,159919C3M003200,沪深300ETF购3月3200,159919,,2303,,10000,3.2000,20221031,20230322,20230322,20230322,EC0000000000S0000,8685.0000,,,0,0,0,0,0
90001516,159919P3M003200,沪深300ETF沽3月3200,159919,,2303,,10000,3.2000,20221031,20230322,20230322,20230322,EP0000000000S0000,2906.0000,,,0,0,0,0,0
90001517,159919C6M003200,沪深300ETF购6月3200,159919,,2306,,10000,3.2000,20221031,20230628,20230628,20230628,EC0000000000S0000,9140.0000,,,0,0,0,0,0
90001518,159919P6M003200,沪深300ETF沽6月3200,159919,,2306,,10000,3.2000,20221031,20230628,20230628,20230628,EP0000000000S0000,3280.0000,,,0,0,0,0,0
